"symbol","date","open","high","low","close","volume","adjusted"
"AVY",1996-01-02,25.0625,25.375,24.9375,25.375,264400,13.385404
"AVY",1996-01-03,25.375,25.5,25.25,25.5,197600,13.451335
"AVY",1996-01-04,25.5,25.6875,25.25,25.3125,232800,13.352436
"AVY",1996-01-05,25.375,25.5,25.125,25.5,145200,13.451335
"AVY",1996-01-08,25.5,25.625,25.5,25.625,16000,13.517284
"AVY",1996-01-09,25.625,25.625,25.125,25.3125,88400,13.352436
"AVY",1996-01-10,24.875,24.875,24.1875,24.375,244800,12.857901
"AVY",1996-01-11,24.375,24.5,24.1875,24.5,261600,12.923841
"AVY",1996-01-12,24.5625,24.5625,24.25,24.375,216000,12.857901
"AVY",1996-01-15,24.3125,24.375,24.1875,24.3125,174000,12.824927
"AVY",1996-01-16,24.4375,24.4375,24.125,24.4375,122400,12.890868
"AVY",1996-01-17,24.375,24.375,23.9375,23.9375,189600,12.627118
"AVY",1996-01-18,23.9375,24.1875,23.9375,24.125,488000,12.726024
"AVY",1996-01-19,24,24.125,24,24.0625,167200,12.693055
"AVY",1996-01-22,23.9375,24,23.75,23.875,306800,12.594153
"AVY",1996-01-23,23.8125,24,23.75,23.9375,133600,12.627118
"AVY",1996-01-24,24,24.625,24,24.4375,173000,12.890868
"AVY",1996-01-25,24.5625,24.75,24.4375,24.4375,277800,12.890868
"AVY",1996-01-26,24.5,24.8125,24.5,24.8125,177600,13.08868
"AVY",1996-01-29,24.75,25.1875,24.75,25.125,282200,13.253529
"AVY",1996-01-30,25.125,25.75,25,25.6875,412400,13.550254
"AVY",1996-01-31,25.9375,27,25.9375,26.6875,476800,14.077751
"AVY",1996-02-01,26.75,27,26.5,26.875,266000,14.176661
"AVY",1996-02-02,26.625,26.625,26.25,26.5625,279800,14.011811
"AVY",1996-02-05,26.5,26.5,26.0625,26.4375,267200,13.945874
"AVY",1996-02-06,26.5,26.75,26.375,26.5,284800,13.978846
"AVY",1996-02-07,26.5,27.1875,26.5,27.1875,339400,14.341502
"AVY",1996-02-08,27,27.1875,26.9375,27.1875,186200,14.341502
"AVY",1996-02-09,27.125,27.5625,27.125,27.5,205600,14.506349
"AVY",1996-02-12,27.5625,28,27.5,27.8125,310800,14.671193
"AVY",1996-02-13,27.75,27.875,27.625,27.8125,203400,14.671193
"AVY",1996-02-14,27.75,28.1875,27.6875,28.125,382000,14.836032
"AVY",1996-02-15,28.0625,28.5625,28.0625,28.3125,257800,14.934943
"AVY",1996-02-16,28.3125,28.3125,27.6875,27.6875,220200,14.60525
"AVY",1996-02-20,27.75,27.875,27.125,27.125,305800,14.308537
"AVY",1996-02-21,27.1875,27.5,27.1875,27.5,444200,14.506349
"AVY",1996-02-22,27.625,27.75,27.5625,27.625,185800,14.572289
"AVY",1996-02-23,27.625,27.8125,27.4375,27.625,195000,14.572289
"AVY",1996-02-26,27.5625,28.0625,27.4375,28.0625,303000,14.80307
"AVY",1996-02-27,28,28,27.25,27.4375,234200,14.473384
"AVY",1996-02-28,27.5625,27.5625,27.1875,27.25,284800,14.374469
"AVY",1996-02-29,27,27,26.75,26.9375,242600,14.209627
"AVY",1996-03-01,26.9375,26.9375,26.375,26.5625,271000,14.011811
"AVY",1996-03-04,26.75,27.1875,26.75,27.1875,332200,14.422948
"AVY",1996-03-05,27.125,27.15625,26.875,27.0625,307000,14.356638
"AVY",1996-03-06,27,27.0625,26.875,27.0625,191000,14.356638
"AVY",1996-03-07,27,27,26.875,27,126200,14.323479
"AVY",1996-03-08,26.875,26.875,26.25,26.375,284000,13.991922
"AVY",1996-03-11,26.0625,27.0625,26,27.0625,319600,14.356638
"AVY",1996-03-12,27,27,26.5,26.75,331800,14.19086
"AVY",1996-03-13,26.5,27.4375,26.375,27.3125,687600,14.489261
"AVY",1996-03-14,27.25,27.3125,27.125,27.125,317600,14.389795
"AVY",1996-03-15,27.125,27.625,27.125,27.5,711200,14.588732
"AVY",1996-03-18,28.25,28.4375,28.1875,28.375,208000,15.052917
"AVY",1996-03-19,28.375,28.625,28.3125,28.5,362000,15.119231
"AVY",1996-03-20,28.75,28.75,28.1875,28.3125,207400,15.019762
"AVY",1996-03-21,28.5,28.5625,28,28.0625,117400,14.887135
"AVY",1996-03-22,28.0625,28.0625,27.5,27.6875,241400,14.688195
"AVY",1996-03-25,27.6875,27.9375,27.625,27.625,94000,14.655046
"AVY",1996-03-26,27.625,27.9375,27.625,27.625,263000,14.655046
"AVY",1996-03-27,27.625,27.625,27.1875,27.3125,195400,14.489261
"AVY",1996-03-28,27.25,27.8125,27.1875,27.375,424800,14.522426
"AVY",1996-03-29,27.4375,27.5625,27,27,383200,14.323479
"AVY",1996-04-01,27.1875,28,27.1875,27.75,401600,14.721354
"AVY",1996-04-02,27.6875,28,27.625,27.875,121000,14.787672
"AVY",1996-04-03,27.875,27.875,27.625,27.75,198200,14.721354
"AVY",1996-04-04,27.6875,27.9375,27.6875,27.875,209800,14.787672
"AVY",1996-04-08,27.8125,27.8125,27.625,27.75,243200,14.721354
"AVY",1996-04-09,27.6875,28.125,27.6875,27.9375,372200,14.820825
"AVY",1996-04-10,27.875,28,27.8125,27.9375,309400,14.820825
"AVY",1996-04-11,28,28,27.5,27.5625,270600,14.621887
"AVY",1996-04-12,27.5625,28.125,27.5625,27.875,290400,14.787672
"AVY",1996-04-15,27.75,27.875,27.4375,27.875,84600,14.787672
"AVY",1996-04-16,27.875,27.875,27.625,27.8125,268200,14.754515
"AVY",1996-04-17,27.75,27.8125,27.6875,27.75,157200,14.721354
"AVY",1996-04-18,27.75,27.9375,27.6875,27.75,181400,14.721354
"AVY",1996-04-19,27.75,28.0625,27.75,28.0625,269800,14.887135
"AVY",1996-04-22,28.25,28.375,28.1875,28.3125,246000,15.019762
"AVY",1996-04-23,28.25,28.75,28.25,28.4375,656800,15.086074
"AVY",1996-04-24,28.5625,28.625,28.4375,28.5625,322400,15.15239
"AVY",1996-04-25,28.4375,28.625,28.3125,28.625,247600,15.185541
"AVY",1996-04-26,28.625,28.6875,28.5625,28.5625,161600,15.15239
"AVY",1996-04-29,28.5625,28.625,28.375,28.4375,89200,15.086074
"AVY",1996-04-30,28.375,28.5625,28.3125,28.5,181400,15.119231
"AVY",1996-05-01,28.5,28.75,28.4375,28.625,246400,15.185541
"AVY",1996-05-02,28.5,28.8125,28.4375,28.625,843600,15.185541
"AVY",1996-05-03,28.6875,29.3125,28.6875,29,468400,15.384481
"AVY",1996-05-06,29.125,29.25,28.8125,29,508800,15.384481
"AVY",1996-05-07,29,29,28.8125,28.8125,176800,15.28501
"AVY",1996-05-08,28.6875,28.75,28.5,28.75,149200,15.251861
"AVY",1996-05-09,28.875,29,28.4375,28.4375,172200,15.086074
"AVY",1996-05-10,28.5,28.75,28.4375,28.4375,162600,15.086074
"AVY",1996-05-13,28.375,29.1875,28.3125,29.0625,371000,15.417641
"AVY",1996-05-14,29.0625,29.0625,28.5,28.6875,310200,15.218708
"AVY",1996-05-15,28.5,28.6875,28.5,28.6875,339200,15.218708
"AVY",1996-05-16,28.625,28.6875,28.4375,28.4375,257000,15.086074
"AVY",1996-05-17,28.5,28.5625,28.375,28.5,249200,15.119231
"AVY",1996-05-20,28.5625,28.75,28.375,28.625,203800,15.185541
"AVY",1996-05-21,28.6875,28.875,28.625,28.8125,349200,15.28501
"AVY",1996-05-22,28.875,28.9375,28.75,28.8125,261200,15.28501
"AVY",1996-05-23,28.75,28.9375,28.4375,28.5625,207600,15.15239
"AVY",1996-05-24,28.625,28.75,28.4375,28.5625,134000,15.15239
"AVY",1996-05-28,28.625,28.75,28.5,28.625,108600,15.185541
"AVY",1996-05-29,28.5625,28.8125,28.5,28.5,208800,15.119231
"AVY",1996-05-30,28.625,28.8125,28.4375,28.5625,223800,15.15239
"AVY",1996-05-31,28.625,28.625,28.3125,28.5,328400,15.119231
"AVY",1996-06-03,28.1875,28.25,28,28.25,180200,15.065909
"AVY",1996-06-04,28.375,28.4375,28.3125,28.4375,117000,15.165894
"AVY",1996-06-05,28.375,28.4375,28.3125,28.375,82000,15.132562
"AVY",1996-06-06,28.25,28.4375,28.125,28.25,106800,15.065909
"AVY",1996-06-07,28.125,28.25,27.9375,28.1875,139200,15.032564
"AVY",1996-06-10,28.25,28.5625,28.25,28.5,120000,15.199225
"AVY",1996-06-11,28.5,28.5,28.3125,28.375,113000,15.132562
"AVY",1996-06-12,28.3125,28.375,27.375,27.625,198400,14.732588
"AVY",1996-06-13,27.5625,28.25,27.5625,28.125,147400,14.999235
"AVY",1996-06-14,28.125,28.25,28,28.0625,112000,14.965905
"AVY",1996-06-17,28,28.25,28,28.1875,117000,15.032564
"AVY",1996-06-18,28.125,28.1875,27.5625,27.875,228600,14.865915
"AVY",1996-06-19,27.875,28,27.6875,27.8125,138800,14.832582
"AVY",1996-06-20,27.8125,27.8125,27.25,27.3125,223400,14.565923
"AVY",1996-06-21,27.4375,27.6875,27.375,27.4375,284000,14.632594
"AVY",1996-06-24,27.5,27.5,27.25,27.25,226000,14.53259
"AVY",1996-06-25,27.3125,27.3125,27.0625,27.1875,136000,14.499256
"AVY",1996-06-26,27.125,27.375,27.125,27.375,120400,14.599261
"AVY",1996-06-27,27.375,27.375,26.8125,27,170600,14.399266
"AVY",1996-06-28,27,27.4375,27,27.4375,245800,14.632594
"AVY",1996-07-01,27.4375,27.5,27.125,27.1875,138600,14.499256
"AVY",1996-07-02,27.5,27.625,27.3125,27.3125,292200,14.565923
"AVY",1996-07-03,27.375,27.875,27.375,27.75,275000,14.799246
"AVY",1996-07-05,27.5625,27.6875,27.4375,27.4375,225200,14.632594
"AVY",1996-07-08,27.4375,27.5625,27.0625,27.0625,184600,14.432599
"AVY",1996-07-09,27.0625,27.125,26.75,26.875,220200,14.332602
"AVY",1996-07-10,26.6875,26.8125,26.375,26.6875,231200,14.232606
"AVY",1996-07-11,26.75,26.8125,26.375,26.5,430800,14.132615
"AVY",1996-07-12,26.4375,26.625,26.375,26.375,179000,14.065954
"AVY",1996-07-15,26.375,26.4375,25.75,25.75,194600,13.732633
"AVY",1996-07-16,25.875,26.125,25,25.6875,346200,13.699308
"AVY",1996-07-17,25.875,25.875,25.375,25.8125,208200,13.765968
"AVY",1996-07-18,26,26.1875,25.875,26,248000,13.865965
"AVY",1996-07-19,26,26,25.5,25.75,211400,13.732633
"AVY",1996-07-22,25.75,26,25.4375,25.4375,182200,13.565981
"AVY",1996-07-23,25.1875,25.375,24.75,25,333200,13.332664
"AVY",1996-07-24,24.9375,25.375,24.6875,25.3125,431800,13.499314
"AVY",1996-07-25,25.4375,26.25,25.4375,25.75,319200,13.732633
"AVY",1996-07-26,25.875,25.9375,25.6875,25.6875,176600,13.699308
"AVY",1996-07-29,25.625,25.6875,25.4375,25.5625,112400,13.632645
"AVY",1996-07-30,25.5,25.75,25.4375,25.6875,318000,13.699308
"AVY",1996-07-31,25.625,26,25.625,25.875,179000,13.799301
"AVY",1996-08-01,25.875,26.25,25.8125,26.1875,219800,13.96596
"AVY",1996-08-02,26.3125,26.875,26.125,26.8125,399600,14.299273
"AVY",1996-08-05,26.8125,27,26.4375,26.5625,72800,14.165949
"AVY",1996-08-06,26.5625,27.09375,26.5625,26.9375,86800,14.365936
"AVY",1996-08-07,26.9375,26.9375,26.4375,26.5,363400,14.132615
"AVY",1996-08-08,26.625,26.625,26.0625,26.0625,157400,13.899299
"AVY",1996-08-09,26.1875,26.3125,26.125,26.25,273800,13.999289
"AVY",1996-08-12,26.3125,26.3125,26.0625,26.1875,244800,13.96596
"AVY",1996-08-13,26.1875,26.25,25.875,25.9375,186600,13.832623
"AVY",1996-08-14,25.875,26.1875,25.875,25.875,147800,13.799301
"AVY",1996-08-15,25.875,25.9375,25.3125,25.75,296600,13.732633
"AVY",1996-08-16,25.75,25.875,25.625,25.6875,106000,13.699308
"AVY",1996-08-19,25.75,26.25,25.75,26.25,158600,13.999289
"AVY",1996-08-20,26.25,26.5625,26.1875,26.25,179800,13.999289
"AVY",1996-08-21,26.25,26.375,25.9375,26.3125,223200,14.032618
"AVY",1996-08-22,26.3125,26.875,26.3125,26.5,197800,14.132615
"AVY",1996-08-23,26.375,26.5,25.875,26.125,105600,13.932622
"AVY",1996-08-26,26.1875,26.1875,25.9375,25.9375,87000,13.832623
"AVY",1996-08-27,26,26.5,25.9375,26.4375,430200,14.09928
"AVY",1996-08-28,26.3125,26.375,26.0625,26.0625,145400,13.899299
"AVY",1996-08-29,26,26,25.625,25.625,210600,13.665981
"AVY",1996-08-30,25.4375,25.6875,25.375,25.5625,175000,13.712914
"AVY",1996-09-03,25.3125,25.8125,25.1875,25.6875,203800,13.779966
"AVY",1996-09-04,25.6875,25.6875,25.375,25.6875,98600,13.779966
"AVY",1996-09-05,25.6875,25.8125,25.25,25.4375,212000,13.645857
"AVY",1996-09-06,25.4375,26.3125,25.375,25.75,135800,13.813493
"AVY",1996-09-09,25.8125,26.125,25.8125,26.0625,84800,13.981133
"AVY",1996-09-10,26.0625,26.125,25.8125,26.0625,100600,13.981133
"AVY",1996-09-11,26.125,26.375,26.0625,26.3125,103600,14.115249
"AVY",1996-09-12,26.4375,26.5625,26.1875,26.5625,106600,14.249357
"AVY",1996-09-13,26.6875,27,26.6875,27,249400,14.484052
"AVY",1996-09-16,27.0625,27.375,27.0625,27.1875,114600,14.584634
"AVY",1996-09-17,27.25,27.375,27,27.1875,151800,14.584634
"AVY",1996-09-18,27.25,27.5625,27.125,27.375,149000,14.685225
"AVY",1996-09-19,27.375,27.5,27.3125,27.375,175200,14.685225
"AVY",1996-09-20,27.5,27.5625,27.1875,27.1875,274800,14.584634
"AVY",1996-09-23,27.125,27.4375,27.0625,27.4375,122400,14.718746
"AVY",1996-09-24,27.3125,27.4375,27.125,27.1875,159200,14.584634
"AVY",1996-09-25,27.1875,27.1875,26.75,27.1875,257600,14.584634
"AVY",1996-09-26,27.125,27.1875,26.875,26.9375,219200,14.450528
"AVY",1996-09-27,27.1875,28.3125,27.125,27.4375,373200,14.718746
"AVY",1996-09-30,27.4375,27.75,27.3125,27.75,228800,14.88639
"AVY",1996-10-01,27.75,27.875,27.6875,27.6875,193800,14.852862
"AVY",1996-10-02,27.8125,28.75,27.75,28.75,765200,15.422832
"AVY",1996-10-03,28.75,28.75,28.4375,28.5,122200,15.288721
"AVY",1996-10-04,28.5,29.5625,28.4375,29.5625,274400,15.858686
"AVY",1996-10-07,29.5625,29.9375,29.375,29.75,326000,15.959282
"AVY",1996-10-08,29.75,29.8125,29.25,29.3125,116800,15.724582
"AVY",1996-10-09,29.375,29.625,28.5,28.5,275600,15.288721
"AVY",1996-10-10,28.625,28.6875,28.5,28.5,204800,15.288721
"AVY",1996-10-11,28.625,29,28.625,28.6875,149000,15.389311
"AVY",1996-10-14,28.6875,29,28.625,29,88200,15.556941
"AVY",1996-10-15,29,29.125,28.25,28.6875,195200,15.389311
"AVY",1996-10-16,28.75,29.375,28.625,29.375,172000,15.758116
"AVY",1996-10-17,29.375,29.6875,29.375,29.6875,144600,15.925751
"AVY",1996-10-18,29.8125,30.125,29.75,30.0625,187400,16.126913
"AVY",1996-10-21,30.0625,30.3125,30,30.1875,251800,16.193975
"AVY",1996-10-22,30.4375,31.375,30.4375,31.1875,418200,16.730431
"AVY",1996-10-23,31.125,31.625,30.625,31.375,536600,16.831009
"AVY",1996-10-24,31.375,31.875,31.375,31.6875,237000,16.998655
"AVY",1996-10-25,31.625,32.4375,31.5625,32.4375,196800,17.400974
"AVY",1996-10-28,32.8125,33.25,32.6875,33.25,311600,17.836842
"AVY",1996-10-29,33,33.125,32.1875,32.25,503000,17.3004
"AVY",1996-10-30,32.4375,32.75,32,32.5,440600,17.434505
"AVY",1996-10-31,32.375,32.9375,32.375,32.9375,418400,17.669203
"AVY",1996-11-01,32.9375,33,32.3125,32.5625,485400,17.468033
"AVY",1996-11-04,32.4375,32.6875,32.3125,32.625,141400,17.501566
"AVY",1996-11-05,32.75,33.125,32.75,32.875,168800,17.635668
"AVY",1996-11-06,32.8125,33.3125,32.8125,33.3125,149800,17.870371
"AVY",1996-11-07,33.4375,33.4375,33.125,33.25,184400,17.836842
"AVY",1996-11-08,33.3125,33.75,33.25,33.625,277200,18.038004
"AVY",1996-11-11,33.625,33.875,33.625,33.8125,78600,18.138597
"AVY",1996-11-12,33.8125,34,33.8125,34,137400,18.239183
"AVY",1996-11-13,34.0625,35.1875,34.0625,34.875,206200,18.708569
"AVY",1996-11-14,34.6875,34.6875,34.25,34.6875,163400,18.607988
"AVY",1996-11-15,34.9375,35.0625,34.75,34.9375,131200,18.74209
"AVY",1996-11-18,34.9375,34.9375,34.5625,34.5625,131400,18.54093
"AVY",1996-11-19,34.625,35,34.625,34.625,261800,18.574453
"AVY",1996-11-20,34.6875,34.9375,34.625,34.9375,143200,18.74209
"AVY",1996-11-21,34.9375,35.125,34.625,35.0625,131000,18.809155
"AVY",1996-11-22,35,35.875,35,35.875,151200,19.245012
"AVY",1996-11-25,35.875,36.375,35.875,35.875,275600,19.245012
"AVY",1996-11-26,35.875,36.0625,35.375,35.8125,390000,19.211485
"AVY",1996-11-27,35.8125,36,35.375,35.4375,110600,19.010326
"AVY",1996-11-29,35.4375,35.4375,35.25,35.3125,64200,18.943268
"AVY",1996-12-02,35.25,35.5,34.875,35.5,241400,19.043854
"AVY",1996-12-03,35.5,35.8125,35.125,35.25,208600,18.909746
"AVY",1996-12-04,35.0625,35.0625,34.1875,34.5625,491400,18.630781
"AVY",1996-12-05,34.5625,35.3125,34.5625,35.1875,135400,18.967684
"AVY",1996-12-06,34.8125,35.1875,34.5,35.0625,170400,18.900299
"AVY",1996-12-09,35.0625,35.1875,34.875,35.0625,130600,18.900299
"AVY",1996-12-10,35.125,35.9375,35.0625,35.5625,293000,19.169827
"AVY",1996-12-11,35.6875,35.875,35.3125,35.5625,242200,19.169827
"AVY",1996-12-12,35.5625,35.75,34.875,34.875,273000,18.799234
"AVY",1996-12-13,34.6875,35,34.375,34.375,378400,18.529709
"AVY",1996-12-16,34.375,34.8125,33.9375,33.9375,315200,18.293873
"AVY",1996-12-17,33.9375,34.8125,33.875,34.375,340200,18.529709
"AVY",1996-12-18,34.5,34.625,34.125,34.25,205200,18.46232
"AVY",1996-12-19,34.625,35.0625,34.5,35,617400,18.866617
"AVY",1996-12-20,35.5,35.875,35.4375,35.5625,453200,19.169827
"AVY",1996-12-23,35.25,35.25,34.375,34.75,183000,18.731848
"AVY",1996-12-24,34.875,35,34.75,35,114600,18.866617
"AVY",1996-12-26,35,35.75,35,35.75,75300,19.270899
"AVY",1996-12-27,35.875,36,35.625,35.875,189700,19.338272
"AVY",1996-12-30,36,36.5,35.625,35.875,186800,19.338272
"AVY",1996-12-31,35.75,35.875,35.375,35.375,142100,19.068754
"AVY",1997-01-02,35.125,35.125,34.25,34.75,346700,18.731848
"AVY",1997-01-03,35,35.375,34.75,35.125,176700,18.933992
"AVY",1997-01-06,35.125,35.25,34.75,35.25,212500,19.001371
"AVY",1997-01-07,34.875,35.375,34.375,35.25,320200,19.001371
"AVY",1997-01-08,35.5,35.5,34.625,34.875,143500,18.799234
"AVY",1997-01-09,35,35.5,34.875,35,184400,18.866617
"AVY",1997-01-10,34.75,35.5,34.375,35.5,132600,19.136131
"AVY",1997-01-13,35.5,35.625,35,35.375,107000,19.068754
"AVY",1997-01-14,35.625,35.75,35.375,35.5,96000,19.136131
"AVY",1997-01-15,35.25,35.625,34.875,34.875,189100,18.799234
"AVY",1997-01-16,35,35.375,35,35.375,215700,19.068754
"AVY",1997-01-17,35.375,36,35.375,35.75,194700,19.270899
"AVY",1997-01-20,36,36,35,35.25,173200,19.001371
"AVY",1997-01-21,35.25,36,35,36,147900,19.405655
"AVY",1997-01-22,36,36.375,35.25,35.625,225600,19.20352
"AVY",1997-01-23,36,36.375,35.125,35.25,264100,19.001371
"AVY",1997-01-24,35,35,34.25,34.75,193900,18.731848
"AVY",1997-01-27,34.125,34.25,33.5,33.875,226600,18.26018
"AVY",1997-01-28,34.25,35,33.375,33.375,291200,17.990669
"AVY",1997-01-29,33.75,35.625,33.75,35.5,424900,19.136131
"AVY",1997-01-30,35.75,37,35.75,36.375,393700,19.607801
"AVY",1997-01-31,36,37,36,36.625,338500,19.742563
"AVY",1997-02-03,36.5,36.875,36.375,36.375,219300,19.607801
"AVY",1997-02-04,36.75,37.625,36.625,37.625,185700,20.281616
"AVY",1997-02-05,37.625,38.875,37,37.25,216300,20.07946
"AVY",1997-02-06,37,37.125,36.625,36.625,246300,19.742563
"AVY",1997-02-07,36.875,38,36.75,37.875,204300,20.416368
"AVY",1997-02-10,38.125,38.375,37.25,37.25,129300,20.07946
"AVY",1997-02-11,37.5,38.625,37.5,38.375,207800,20.685886
"AVY",1997-02-12,38.5,39.625,38.25,39.625,224800,21.359686
"AVY",1997-02-13,39.75,40.125,39.625,40.125,211000,21.629219
"AVY",1997-02-14,40.125,41,39.875,40.5,243600,21.83136
"AVY",1997-02-18,40.5,40.5,39.5,40.25,170200,21.6966
"AVY",1997-02-19,39.75,40,39.5,39.5,283200,21.292313
"AVY",1997-02-20,39.375,39.75,38.875,39.375,161200,21.224943
"AVY",1997-02-21,39.25,39.625,38.25,39.625,206100,21.359686
"AVY",1997-02-24,39.625,40.5,39.25,40.5,152400,21.83136
"AVY",1997-02-25,40.5,40.5,39.625,40.25,357800,21.6966
"AVY",1997-02-26,40.5,40.5,39.625,40.125,527200,21.629219
"AVY",1997-02-27,39.875,40.375,39.75,39.75,421500,21.427078
"AVY",1997-02-28,39.625,40.875,39.5,40.375,231700,21.763977
"AVY",1997-03-03,39.875,40.25,39.5,40.25,222600,21.788343
"AVY",1997-03-04,40.375,40.5,40,40.125,198000,21.720671
"AVY",1997-03-05,40.125,40.5,40,40.5,162100,21.923666
"AVY",1997-03-06,40.625,40.75,40.125,40.375,293800,21.856007
"AVY",1997-03-07,40.375,42,40.375,42,273700,22.735662
"AVY",1997-03-10,42,42,41.5,41.75,178500,22.600327
"AVY",1997-03-11,41.75,42.875,41.125,42.875,301300,23.209326
"AVY",1997-03-12,43.125,43.125,41.875,42.25,236600,22.870998
"AVY",1997-03-13,42.25,42.75,42,42.5,343500,23.006319
"AVY",1997-03-14,42.5,43.25,42,43,273300,23.276983
"AVY",1997-03-17,42.75,43.25,42.5,42.625,186500,23.07399
"AVY",1997-03-18,42.75,43.5,42.5,43.5,256800,23.547649
"AVY",1997-03-19,43.5,44.5,42.5,43.375,278500,23.47998
"AVY",1997-03-20,43.25,43.25,42.375,43,193900,23.276983
"AVY",1997-03-21,43.25,43.25,42,42.625,326200,23.07399
"AVY",1997-03-24,41.75,41.875,41.375,41.625,423400,22.532681
"AVY",1997-03-25,41.625,41.75,40,40.625,408000,21.991341
"AVY",1997-03-26,40.375,41.375,40.375,40.875,146700,22.126667
"AVY",1997-03-27,41,41,40.125,40.25,222200,21.788343
"AVY",1997-03-31,40.125,40.125,38.5,38.5,170100,20.841022
"AVY",1997-04-01,38.5,39,38.5,38.75,110200,20.976347
"AVY",1997-04-02,38.625,38.9375,38.375,38.625,177300,20.908693
"AVY",1997-04-03,38.5,38.75,38,38.125,368200,20.638027
"AVY",1997-04-04,37.5,38.125,37.375,38.125,213300,20.638027
"AVY",1997-04-07,38.25,38.875,38.25,38.875,151100,21.044018
"AVY",1997-04-08,38.625,39.625,38.625,39.625,178900,21.450001
"AVY",1997-04-09,39.75,39.75,38.75,38.875,92300,21.044018
"AVY",1997-04-10,38.75,39.125,38.5,38.625,125300,20.908693
"AVY",1997-04-11,38.25,38.5,37.5,37.5,132600,20.299707
"AVY",1997-04-14,37.625,37.625,36.625,37.125,136900,20.096697
"AVY",1997-04-15,37.375,38.25,37.375,38.25,161000,20.70569
"AVY",1997-04-16,38.125,38.375,37.5,37.5,214500,20.299707
"AVY",1997-04-17,37.75,38.375,37,37.25,148100,20.164364
"AVY",1997-04-18,37.25,37.875,36.875,37.125,170900,20.096697
"AVY",1997-04-21,37.375,38,37.375,38,164400,20.570368
"AVY",1997-04-22,38.125,38.125,36,36.125,851500,19.555384
"AVY",1997-04-23,36.125,36.25,34.625,35.625,501100,19.284723
"AVY",1997-04-24,35.625,36.25,35.625,35.625,326200,19.284723
"AVY",1997-04-25,35.625,35.875,35,35.125,249400,19.01405
"AVY",1997-04-28,34.875,36,34.125,35.5,422700,19.217045
"AVY",1997-04-29,36,36.75,36,36.5,304600,19.758381
"AVY",1997-04-30,36.875,37.25,36.625,36.75,295600,19.893705
"AVY",1997-05-01,36.875,37.375,36.375,36.375,276700,19.69071
"AVY",1997-05-02,36.375,37.875,36.375,37.875,210800,20.502695
"AVY",1997-05-05,37.625,39.25,37.625,39.125,325700,21.179348
"AVY",1997-05-06,39.375,40.125,38.5,38.875,356200,21.044018
"AVY",1997-05-07,38.875,39.625,38.875,39.375,253000,21.314692
"AVY",1997-05-08,39,39.25,38.625,39,456200,21.111683
"AVY",1997-05-09,39.25,39.5,38.25,38.875,135200,21.044018
"AVY",1997-05-12,38.875,39.625,38.875,39.5,156600,21.382351
"AVY",1997-05-13,39.625,39.625,38.625,39,238200,21.111683
"AVY",1997-05-14,39,39.375,39,39,72700,21.111683
"AVY",1997-05-15,39,39.125,38.125,39,214000,21.111683
"AVY",1997-05-16,38.875,39,38.375,38.5,126600,20.841022
"AVY",1997-05-19,38.375,38.5,38.25,38.5,65200,20.841022
"AVY",1997-05-20,38.375,38.5,37.75,38.5,181100,20.841022
"AVY",1997-05-21,38.5,39,38.5,39,249300,21.111683
"AVY",1997-05-22,38.75,39,38.125,38.625,187400,20.908693
"AVY",1997-05-23,38.25,38.5,38.125,38.375,189100,20.77335
"AVY",1997-05-27,38.125,38.25,37.625,38.125,189400,20.638027
"AVY",1997-05-28,37.875,38.25,37.375,37.75,187900,20.435032
"AVY",1997-05-29,37.375,38.125,36.75,38.125,183900,20.638027
"AVY",1997-05-30,37.75,38,37.625,37.625,262600,20.367369
"AVY",1997-06-02,37.625,37.75,37.375,37.5,137900,20.391844
"AVY",1997-06-03,37.125,38,37.125,37.875,201800,20.595751
"AVY",1997-06-04,37.625,37.625,37.25,37.625,89200,20.459812
"AVY",1997-06-05,37.625,37.75,37.125,37.125,119700,20.187922
"AVY",1997-06-06,37,37.75,37,37.5,184000,20.391844
"AVY",1997-06-09,37.5,37.875,37.375,37.5,222100,20.391844
"AVY",1997-06-10,37.5,37.75,36.625,36.75,429000,19.984001
"AVY",1997-06-11,37,37.25,36.5,37,845200,20.119942
"AVY",1997-06-12,37.25,39,37,39,575600,21.207502
"AVY",1997-06-13,39,39.125,38.25,39.125,250800,21.275475
"AVY",1997-06-16,39.375,39.75,39.125,39.25,175500,21.343458
"AVY",1997-06-17,39.25,39.25,38.875,39.125,220000,21.275475
"AVY",1997-06-18,39,39,38.875,38.875,278400,21.139532
"AVY",1997-06-19,39,39,38.5,38.875,151400,21.139532
"AVY",1997-06-20,38.875,38.875,38.375,38.375,355500,20.867632
"AVY",1997-06-23,38.375,38.375,37,37.375,186700,20.323866
"AVY",1997-06-24,37.625,38.625,37.5625,38.5625,420300,20.969608
"AVY",1997-06-25,38.875,39.5625,38.75,39,665200,21.207502
"AVY",1997-06-26,39.1875,39.375,38.4375,38.6875,212500,21.037569
"AVY",1997-06-27,38.875,39.0625,38.4375,38.875,427200,21.139532
"AVY",1997-06-30,39,40.5,38.9375,40.125,399600,21.819252
"AVY",1997-07-01,40.1875,40.875,39.625,40,291800,21.751289
"AVY",1997-07-02,40.1875,40.875,40.1875,40.5625,332900,22.057169
"AVY",1997-07-03,40.9375,41.5,40.875,41.5,117100,22.566977
"AVY",1997-07-07,41.75,43.375,41.25,41.25,382200,22.431028
"AVY",1997-07-08,41.125,42.125,41.0625,42.125,202900,22.906843
"AVY",1997-07-09,42.125,42.1875,40.875,41.125,225500,22.363054
"AVY",1997-07-10,41.125,42.25,41.125,41.8125,131800,22.736893
"AVY",1997-07-11,41.75,42.0625,41.6875,41.9375,122300,22.804874
"AVY",1997-07-14,41.875,41.875,41.1875,41.5,109000,22.566977
"AVY",1997-07-15,41.75,41.875,40.875,41.0625,327800,22.329062
"AVY",1997-07-16,41.3125,41.625,40.375,40.5625,372200,22.057169
"AVY",1997-07-17,40.3125,40.9375,40.1875,40.75,103300,22.159122
"AVY",1997-07-18,40.625,40.75,39.75,40.125,160400,21.819252
"AVY",1997-07-21,40.125,40.4375,39.9375,40.125,123000,21.819252
"AVY",1997-07-22,40.125,41.6875,39.8125,41.5,337100,22.566977
"AVY",1997-07-23,42,44,41.875,42.75,380300,23.246693
"AVY",1997-07-24,42.625,43.4375,42.1875,42.875,174800,23.314665
"AVY",1997-07-25,42.6875,43,42.375,42.625,206800,23.178717
"AVY",1997-07-28,42.5625,42.8125,42.5,42.5625,83200,23.144737
"AVY",1997-07-29,42.625,43.25,42.375,42.375,224500,23.042765
"AVY",1997-07-30,42.5625,43.6875,42.5,43.375,152600,23.586555
"AVY",1997-07-31,43.25,44.4375,43.25,44.125,159400,23.994385
"AVY",1997-08-01,43.9375,44,42.8125,43.4375,150700,23.620541
"AVY",1997-08-04,43.5625,43.5625,42.8125,43.3125,143100,23.552568
"AVY",1997-08-05,43.1875,43.4375,43,43,216600,23.382631
"AVY",1997-08-06,43.0625,44.1875,43,44.0625,118500,23.960396
"AVY",1997-08-07,43.9375,44.125,43.5,44.0625,230600,23.960396
"AVY",1997-08-08,43.625,43.6875,42.5625,43.1875,295800,23.484602
"AVY",1997-08-11,43.1875,43.75,43.1875,43.5,163000,23.654528
"AVY",1997-08-12,43.5,43.8125,43,43.25,142500,23.518576
"AVY",1997-08-13,43.5,43.5,41.9375,43.4375,359800,23.620541
"AVY",1997-08-14,43.4375,43.625,42.625,43.5,207900,23.654528
"AVY",1997-08-15,43.1875,43.3125,41.8125,41.9375,280100,22.804874
"AVY",1997-08-18,41.875,41.875,41.1875,41.75,271600,22.702913
"AVY",1997-08-19,42,42.4375,41.6875,42.25,277100,22.974802
"AVY",1997-08-20,42.4375,42.5625,42.0625,42.5625,97500,23.144737
"AVY",1997-08-21,42.3125,42.3125,41.0625,41.375,214500,22.498985
"AVY",1997-08-22,40.75,41.875,40.75,41.8125,122100,22.736893
"AVY",1997-08-25,41.5625,41.6875,41.0625,41.3125,233700,22.46501
"AVY",1997-08-26,41.0625,42.1875,41.0625,41.375,153800,22.498985
"AVY",1997-08-27,41.125,42.4375,40.9375,42.4375,407500,23.076767
"AVY",1997-08-28,41.9375,42,40.875,41.0625,325000,22.329062
"AVY",1997-08-29,41.375,41.5,41.0625,41.0625,174300,22.421885
"AVY",1997-09-02,41.1875,41.8125,41,41.8125,144400,22.831421
"AVY",1997-09-03,42.0625,42.125,41.5625,41.6875,106400,22.763151
"AVY",1997-09-04,41.9375,42.1875,41.125,41.3125,194100,22.558409
"AVY",1997-09-05,41.3125,41.375,40.125,41.0625,201300,22.421885
"AVY",1997-09-08,41.25,41.25,40,40,143800,21.841713
"AVY",1997-09-09,39.75,40.375,39.375,39.6875,322300,21.67108
"AVY",1997-09-10,39.625,40.0625,38.75,38.8125,193800,21.193291
"AVY",1997-09-11,39,39.125,38.3125,39.0625,151300,21.329802
"AVY",1997-09-12,41,41,39.125,39.3125,408700,21.466316
"AVY",1997-09-15,39.1875,40.0625,39.1875,39.1875,201800,21.398056
"AVY",1997-09-16,39.4375,39.9375,39.3125,39.5,322500,21.568699
"AVY",1997-09-17,40.125,40.625,39.6875,39.8125,284700,21.739326
"AVY",1997-09-18,40,40.5,39.625,39.75,204500,21.705215
"AVY",1997-09-19,39.625,40,39.5625,39.5625,273700,21.602829
"AVY",1997-09-22,39.5,40,39.5,39.9375,338000,21.807589
"AVY",1997-09-23,40,40.0625,38.8125,39,197700,21.295656
"AVY",1997-09-24,38.5,39.0625,38.125,38.5,259800,21.022648
"AVY",1997-09-25,38.3125,38.625,38,38.3125,263600,20.920271
"AVY",1997-09-26,38.1875,39.3125,38.1875,39,570600,21.295656
"AVY",1997-09-29,39,40.3125,38.9375,40,454700,21.841713
"AVY",1997-09-30,39.875,40.3125,39.6875,40,360600,21.841713
"AVY",1997-10-01,40,41.25,40,41.1875,422100,22.490141
"AVY",1997-10-02,40.875,41.125,40.875,41,253300,22.387754
"AVY",1997-10-03,41.125,42,41.125,41.5,326000,22.660788
"AVY",1997-10-06,41.75,42,41.3125,41.5,416400,22.660788
"AVY",1997-10-07,41.375,42,41.375,41.9375,172500,22.89967
"AVY",1997-10-08,41.8125,41.875,40.8125,41,241600,22.387754
"AVY",1997-10-09,40.5,41.5625,40.5,41.25,224100,22.524273
"AVY",1997-10-10,41,41.125,41,41.125,412100,22.456024
"AVY",1997-10-13,41.375,41.4375,40.9375,41.0625,115200,22.421885
"AVY",1997-10-14,41.3125,41.4375,40.4375,41.1875,253300,22.490141
"AVY",1997-10-15,40.875,40.875,40.6875,40.875,139900,22.3195
"AVY",1997-10-16,40.8125,41.75,40.5,40.5,296300,22.114735
"AVY",1997-10-17,39.625,40.3125,39.625,40.25,543800,21.97823
"AVY",1997-10-20,40.25,40.25,39.8125,40.0625,186300,21.875835
"AVY",1997-10-21,40.0625,40.5,39.625,40.375,507500,22.046486
"AVY",1997-10-22,40.625,40.75,39.9375,40.0625,196400,21.875835
"AVY",1997-10-23,40.0625,40.9375,39.75,40.8125,355900,22.285376
"AVY",1997-10-24,41.0625,42.1875,39.9375,40,254500,21.841713
"AVY",1997-10-27,40,40.125,38.25,38.25,196000,20.886131
"AVY",1997-10-28,37.5,41.25,37.0625,40.875,472500,22.3195
"AVY",1997-10-29,40.875,40.875,39.5625,39.9375,386700,21.807589
"AVY",1997-10-30,39.8125,40.25,39.5625,39.8125,217400,21.739326
"AVY",1997-10-31,40.0625,40.5,39.625,39.8125,182000,21.739326
"AVY",1997-11-03,40,41.25,40,41,176900,22.387754
"AVY",1997-11-04,40.9375,41,39.75,40.375,209300,22.046486
"AVY",1997-11-05,40.5,40.75,40.0625,40.125,144300,21.909964
"AVY",1997-11-06,40.1875,40.75,40,40.1875,164200,21.944092
"AVY",1997-11-07,39.875,40.5625,39.4375,39.8125,320100,21.739326
"AVY",1997-11-10,39.875,40,39.5625,39.5625,198000,21.602829
"AVY",1997-11-11,39.625,39.75,39.5,39.6875,138200,21.67108
"AVY",1997-11-12,39,39.5,38.6875,38.9375,182500,21.261543
"AVY",1997-11-13,38.9375,39.375,38.8125,38.9375,130300,21.261543
"AVY",1997-11-14,39.625,39.625,38.875,39.0625,140000,21.329802
"AVY",1997-11-17,39.5,39.875,39.4375,39.75,123500,21.705215
"AVY",1997-11-18,39.9375,40.125,39.6875,40,167000,21.841713
"AVY",1997-11-19,40.4375,41.125,40.3125,40.5625,157400,22.148867
"AVY",1997-11-20,40.625,40.9375,40.375,40.8125,96400,22.285376
"AVY",1997-11-21,40.875,41.875,40.6875,41.5,148100,22.660788
"AVY",1997-11-24,41.3125,42,40.875,40.9375,199700,22.353624
"AVY",1997-11-25,41.5,42.375,41.4375,41.4375,225000,22.626644
"AVY",1997-11-26,42,42.1875,41.625,41.6875,150800,22.763151
"AVY",1997-11-28,41.9375,42,41.6875,41.875,87600,22.865545
"AVY",1997-12-01,41.75,42.3125,41.75,42.1875,238900,23.152281
"AVY",1997-12-02,42.25,43.1875,42.25,42.9375,164800,23.563883
"AVY",1997-12-03,43.375,43.4375,42.75,43.125,205500,23.666777
"AVY",1997-12-04,43.1875,43.8125,42.9375,43.1875,200500,23.701088
"AVY",1997-12-05,43.25,44.4375,43,43,210000,23.598177
"AVY",1997-12-08,43.125,43.125,42.375,42.375,114600,23.255178
"AVY",1997-12-09,42.625,43.5625,42.5625,42.6875,262600,23.426687
"AVY",1997-12-10,42.4375,42.6875,42,42.3125,210500,23.220882
"AVY",1997-12-11,42,42.125,41.5,41.9375,272200,23.015089
"AVY",1997-12-12,41.6875,42.125,41.625,42,326900,23.049379
"AVY",1997-12-15,42,43.25,42,43,228400,23.598177
"AVY",1997-12-16,43,43.3125,42.5625,42.875,130400,23.529593
"AVY",1997-12-17,42.9375,43.625,42.9375,42.9375,185900,23.563883
"AVY",1997-12-18,42.9375,43.3125,42,42,395300,23.049379
"AVY",1997-12-19,40.125,42.25,40.0625,42.0625,307200,23.083694
"AVY",1997-12-22,42.0625,42.6875,42.0625,42.5625,140500,23.358089
"AVY",1997-12-23,42.4375,43.3125,42.375,42.875,120800,23.529593
"AVY",1997-12-24,42.6875,43,42.5625,42.5625,76900,23.358089
"AVY",1997-12-26,42.75,43.75,42.75,43.75,67800,24.009773
"AVY",1997-12-29,43.875,44.3125,43.875,44.3125,292600,24.318478
"AVY",1997-12-30,44.3125,45.3125,44.0625,45,203100,24.695789
"AVY",1997-12-31,45,45.75,44.75,44.75,111500,24.558569
"AVY",1998-01-02,45,45.4375,44.25,44.375,101100,24.352787
"AVY",1998-01-05,44.125,44.375,44,44.0625,211800,24.181284
"AVY",1998-01-06,43.5625,44.25,43.5625,44,312300,24.146978
"AVY",1998-01-07,44.0625,44.0625,43.375,43.875,144500,24.078384
"AVY",1998-01-08,43.9375,43.9375,42.75,42.8125,250900,23.495296
"AVY",1998-01-09,42.625,42.75,41.25,41.5625,193300,22.809299
"AVY",1998-01-12,40.625,41.8125,40.625,41.8125,221900,22.946491
"AVY",1998-01-13,42,42.625,41.875,42.375,187100,23.255178
"AVY",1998-01-14,42.125,42.75,41.5625,42.75,199300,23.460991
"AVY",1998-01-15,42.75,42.75,41.9375,42.125,110600,23.117992
"AVY",1998-01-16,42.0625,43.25,42,43.25,150300,23.73539
"AVY",1998-01-20,43.25,43.25,42.3125,42.5625,168800,23.358089
"AVY",1998-01-21,42.5,43.3125,42,43.25,173200,23.73539
"AVY",1998-01-22,43,43.3125,42.5625,42.625,182000,23.392393
"AVY",1998-01-23,42.5,43,42.0625,42.4375,144000,23.289499
"AVY",1998-01-26,42.5625,43.4375,42.5,43.125,171800,23.666777
"AVY",1998-01-27,43.0625,44.25,43.0625,43.625,189400,23.941183
"AVY",1998-01-28,43.75,44.0625,43.5625,43.8125,167300,24.044092
"AVY",1998-01-29,43.625,44.8125,43.5,44.25,216900,24.284184
"AVY",1998-01-30,45,45.875,44.75,44.875,360200,24.627174
"AVY",1998-02-02,45.5,46.3125,45.5,45.8125,212900,25.141674
"AVY",1998-02-03,45.625,46.5,45.5,46.375,270800,25.450369
"AVY",1998-02-04,46.5,47.5625,46.375,47.1875,239300,25.896275
"AVY",1998-02-05,47.1875,47.5625,46.6875,47.25,197300,25.930569
"AVY",1998-02-06,47.25,48.4375,47.25,48,155600,26.342163
"AVY",1998-02-09,48,50.375,47.9375,49.5625,358700,27.19965
"AVY",1998-02-10,49.5625,50.25,49.5625,49.6875,318400,27.268257
"AVY",1998-02-11,49.625,49.625,48.5,49.125,142000,26.959553
"AVY",1998-02-12,48.875,49.5,48.75,49.375,177000,27.096754
"AVY",1998-02-13,49.3125,49.875,49.1875,49.375,208000,27.096754
"AVY",1998-02-17,49.375,51,48.875,51,321000,27.988556
"AVY",1998-02-18,51,51.4375,50.4375,51.3125,334500,28.160053
"AVY",1998-02-19,51.3125,51.9375,50.8125,51.8125,235900,28.434444
"AVY",1998-02-20,51.8125,54.625,51.75,54.25,377600,29.772129
"AVY",1998-02-23,53.5,53.5625,53,53.0625,610600,29.120438
"AVY",1998-02-24,52.875,52.9375,49.375,50.125,852000,27.508347
"AVY",1998-02-25,51,51.5625,49.9375,49.9375,322300,27.405445
"AVY",1998-02-26,49.9375,50.1875,49.1875,49.25,276700,27.028162
"AVY",1998-02-27,49.625,51.0625,49.625,50.5,419800,27.714148
"AVY",1998-03-02,50.125,50.25,49.25,50,309900,27.554333
"AVY",1998-03-03,49.9375,51.375,49.9375,50.9375,205900,28.070984
"AVY",1998-03-04,51.0625,51.0625,49.875,51.0625,257400,28.139858
"AVY",1998-03-05,50.625,51,50.4375,50.8125,307100,28.002094
"AVY",1998-03-06,50.9375,51.75,50.9375,51.6875,777400,28.484295
"AVY",1998-03-09,51.4375,51.75,51.25,51.4375,385900,28.346533
"AVY",1998-03-10,51.4375,51.9375,51.4375,51.875,239100,28.58762
"AVY",1998-03-11,51.75,51.875,51.5,51.75,139300,28.518724
"AVY",1998-03-12,51.5,52.1875,51.5,52.1875,209700,28.759829
"AVY",1998-03-13,52,52.375,50.5625,51.3125,226000,28.27763
"AVY",1998-03-16,51.375,51.5,51.3125,51.375,251900,28.312084
"AVY",1998-03-17,51.5625,51.875,51.5,51.625,135500,28.449846
"AVY",1998-03-18,51.5625,52.25,51.3125,52.125,417700,28.725403
"AVY",1998-03-19,52,52.375,51.9375,52.25,141900,28.79427
"AVY",1998-03-20,52.5,52.75,52.3125,52.375,216300,28.863165
"AVY",1998-03-23,52.25,52.9375,52.1875,52.75,105200,29.069815
"AVY",1998-03-24,52.75,53.125,52.6875,52.9375,196400,29.173151
"AVY",1998-03-25,53.125,54,53,53.3125,280600,29.379827
"AVY",1998-03-26,53,53.0625,52.4375,52.8125,108600,29.104261
"AVY",1998-03-27,53.0625,53.125,51.375,52,205600,28.656515
"AVY",1998-03-30,52,52.875,52,52.5,128200,28.93206
"AVY",1998-03-31,52.75,53.375,52.6875,53.375,174300,29.414249
"AVY",1998-04-01,53.375,54.125,52.5625,53.9375,435700,29.724237
"AVY",1998-04-02,53.75,55,53.125,55,237000,30.309774
"AVY",1998-04-03,54.9375,55,54,54.0625,125100,29.793127
"AVY",1998-04-06,54.25,54.25,53.9375,54,293400,29.758686
"AVY",1998-04-07,54,54,53.25,53.4375,134100,29.448687
"AVY",1998-04-08,53.4375,53.8125,53.3125,53.625,180400,29.552023
"AVY",1998-04-09,53.875,54.0625,53.6875,53.9375,145800,29.724237
"AVY",1998-04-13,53.9375,54,53.125,53.3125,191800,29.379827
"AVY",1998-04-14,53.125,53.5,52.25,53.5,451200,29.483141
"AVY",1998-04-15,53.5,54.8125,52.625,54.625,235700,30.103111
"AVY",1998-04-16,54.375,54.8125,54.0625,54.625,254200,30.103111
"AVY",1998-04-17,54.75,55.25,54.625,55.25,186500,30.447538
"AVY",1998-04-20,55,55.3125,54.375,55.3125,186500,30.481989
"AVY",1998-04-21,55.1875,55.8125,54.6875,54.75,253000,30.172003
"AVY",1998-04-22,54.5,54.5,53.625,54,433700,29.758686
"AVY",1998-04-23,53.9375,54.75,53.875,54.625,439600,30.103111
"AVY",1998-04-24,54.6875,55.125,54.6875,54.9375,486200,30.275328
"AVY",1998-04-27,54.9375,54.9375,52.5,52.5,592200,28.93206
"AVY",1998-04-28,52.5625,53,52.125,52.25,337500,28.79427
"AVY",1998-04-29,52.3125,52.625,51.875,52.5,249600,28.93206
"AVY",1998-04-30,52.625,53,52.25,52.375,557800,28.863165
"AVY",1998-05-01,52.375,52.6875,52,52.5,182200,28.93206
"AVY",1998-05-04,52.75,53.5,52.75,53.25,174700,29.345371
"AVY",1998-05-05,53.5,53.5,52.125,52.75,127900,29.069815
"AVY",1998-05-06,52.375,52.375,51.625,51.6875,110900,28.484295
"AVY",1998-05-07,51.875,51.875,50.1875,50.8125,219300,28.002094
"AVY",1998-05-08,50.375,51.3125,50.375,51.3125,148900,28.27763
"AVY",1998-05-11,51.3125,51.4375,50.875,50.9375,121600,28.070984
"AVY",1998-05-12,50.875,50.9375,50.0625,50.8125,118500,28.002094
"AVY",1998-05-13,50.9375,51.375,50.6875,51.1875,108900,28.208754
"AVY",1998-05-14,51.1875,51.6875,51.1875,51.5625,96200,28.415417
"AVY",1998-05-15,51.375,51.4375,50,50.3125,117300,27.726561
"AVY",1998-05-18,50.375,50.4375,49.75,49.75,117900,27.416548
"AVY",1998-05-19,50,50.125,49.5625,49.75,126300,27.416548
"AVY",1998-05-20,49.9375,50.125,49.5625,50.125,91000,27.623222
"AVY",1998-05-21,50.3125,50.5,50.1875,50.25,122800,27.692116
"AVY",1998-05-22,50.25,51.25,50.25,51.0625,161500,28.139858
"AVY",1998-05-26,50.9375,52.125,50.5,50.9375,392600,28.070984
"AVY",1998-05-27,51.0625,51.0625,50.25,50.625,211800,27.898769
"AVY",1998-05-28,50.625,51.4375,50.4375,51.25,210600,28.243191
"AVY",1998-05-29,51.375,51.9375,51.3125,51.8125,159800,28.553192
"AVY",1998-06-01,51.6875,52.5625,51.625,52.3125,214500,28.946033
"AVY",1998-06-02,52.5,54,52.375,53.25,239100,29.4648
"AVY",1998-06-03,53.25,53.5625,51.9375,52.125,238000,28.842299
"AVY",1998-06-04,51.625,52.1875,51.25,51.9375,275000,28.738554
"AVY",1998-06-05,52,53.0625,51.5625,53.0625,107400,29.361044
"AVY",1998-06-08,53.5,54.6875,53.375,53.6875,197000,29.706873
"AVY",1998-06-09,53.5625,54.9375,53.5625,54.375,155200,30.087284
"AVY",1998-06-10,54.25,54.3125,53.1875,53.1875,117600,29.430208
"AVY",1998-06-11,53.1875,53.1875,51.875,52.125,150300,28.842299
"AVY",1998-06-12,52.125,52.125,50.8125,51.625,119300,28.565619
"AVY",1998-06-15,51.25,51.25,49.5,49.5,274000,27.389812
"AVY",1998-06-16,49.875,50.375,49.875,50.1875,223100,27.770222
"AVY",1998-06-17,50.375,51,50,50.4375,452900,27.908556
"AVY",1998-06-18,50.9375,52,50.875,52,392800,28.773134
"AVY",1998-06-19,52.375,52.8125,51.8125,52.0625,616700,28.807705
"AVY",1998-06-22,52.3125,52.375,50.5625,51.609375,227600,28.556971
"AVY",1998-06-23,51.6875,52.625,51.5,52.4375,259900,29.015203
"AVY",1998-06-24,52.375,52.5,52,52.5,152900,29.049788
"AVY",1998-06-25,53.75,53.75,52.8125,53.125,329200,29.395617
"AVY",1998-06-26,53.125,53.75,52.9375,53.0625,187200,29.361044
"AVY",1998-06-29,53.25,53.9375,52.75,52.75,202900,29.188116
"AVY",1998-06-30,52.6875,53.75,52.6875,53.75,124100,29.741453
"AVY",1998-07-01,53.75,55,53.25,55,262200,30.433109
"AVY",1998-07-02,54.8125,54.8125,54.25,54.75,107100,30.294788
"AVY",1998-07-06,54.875,55.625,54.875,55.375,168000,30.64061
"AVY",1998-07-07,55.4375,56.5,55.1875,56.1875,321900,31.090189
"AVY",1998-07-08,55.875,56.75,55.625,56.6875,191900,31.366871
"AVY",1998-07-09,56.6875,58.0625,55.875,58.0625,274100,32.127678
"AVY",1998-07-10,57.9375,58.375,57.3125,58.125,661400,32.162258
"AVY",1998-07-13,58.125,58.1875,57.75,57.75,268700,31.954777
"AVY",1998-07-14,57.9375,58.9375,57.8125,58.8125,121400,32.542679
"AVY",1998-07-15,58.9375,58.9375,57.5,57.8125,186700,31.989359
"AVY",1998-07-16,58,58,57.25,57.6875,171700,31.920204
"AVY",1998-07-17,57.5625,57.625,56.75,56.9375,176500,31.505182
"AVY",1998-07-20,56.6875,58.125,56.6875,57.6875,186600,31.920204
"AVY",1998-07-21,58.125,59.75,58,59.0625,294000,32.681026
"AVY",1998-07-22,59.125,59.9375,58.9375,59.3125,193400,32.819359
"AVY",1998-07-23,59.25,60.3125,58.3125,58.75,248900,32.508106
"AVY",1998-07-24,58.875,59.875,58.875,59.375,264500,32.853947
"AVY",1998-07-27,59.375,60.9375,58.9375,60.75,317800,33.614754
"AVY",1998-07-28,60.75,62.0625,60,60.125,468500,33.268929
"AVY",1998-07-29,59.875,60.1875,59.4375,59.9375,176500,33.165169
"AVY",1998-07-30,59.75,60.375,59.625,60,250400,33.199757
"AVY",1998-07-31,60,60.0625,57.4375,57.4375,274800,31.781862
"AVY",1998-08-03,57.1875,57.25,56.5,57.125,192900,31.608942
"AVY",1998-08-04,57.375,57.8125,55.3125,55.375,202000,30.64061
"AVY",1998-08-05,55.375,57,55.3125,56.3125,283700,31.159365
"AVY",1998-08-06,56.0625,56.5,55.5,56.5,206300,31.263103
"AVY",1998-08-07,56.25,57,56,56.6875,355300,31.366871
"AVY",1998-08-10,56.625,57.375,56.5,57.125,94600,31.608942
"AVY",1998-08-11,57.125,57.1875,56.3125,57.0625,262900,31.57436
"AVY",1998-08-12,57.0625,58.9375,57,58.125,341900,32.162258
"AVY",1998-08-13,58,58.3125,56.3125,56.3125,176900,31.159365
"AVY",1998-08-14,56.125,56.3125,54,54.625,205800,30.225615
"AVY",1998-08-17,55.125,56.5,54.875,56.375,194300,31.193951
"AVY",1998-08-18,56.625,57.25,56.5625,57.125,272600,31.608942
"AVY",1998-08-19,57,57.5,56.625,57.0625,374700,31.57436
"AVY",1998-08-20,57.25,58.5,57.0625,58.125,270300,32.162258
"AVY",1998-08-21,58.0625,58.5,57.625,57.75,407400,31.954777
"AVY",1998-08-24,58.125,58.875,58,58.75,190900,32.508106
"AVY",1998-08-25,59.625,59.9375,58.8125,58.875,176100,32.577267
"AVY",1998-08-26,59,60.1875,58.5625,58.6875,352100,32.473495
"AVY",1998-08-27,58.75,58.9375,55.0625,55.625,340900,30.778963
"AVY",1998-08-28,55.75,56.4375,55.375,55.75,453400,30.848112
"AVY",1998-08-31,56.375,56.375,53.6875,53.6875,196500,29.819208
"AVY",1998-09-01,52,52.4375,49.75,49.75,404500,27.632229
"AVY",1998-09-02,49.125,49.9375,47,48.0625,620200,26.694967
"AVY",1998-09-03,46.8125,48.75,46.75,48.4375,582900,26.903234
"AVY",1998-09-04,48.5,48.6875,46.375,47.0625,270900,26.139532
"AVY",1998-09-08,47.75,49.1875,47.5,48.75,384900,27.076796
"AVY",1998-09-09,48.75,50,48.6875,49.0625,182800,27.250381
"AVY",1998-09-10,48.625,48.625,47.3125,47.5,265300,26.382523
"AVY",1998-09-11,47.25,48.5,46.8125,48.125,269800,26.729668
"AVY",1998-09-14,48.375,50.1875,48.1875,49,291400,27.215649
"AVY",1998-09-15,49.1875,49.8125,49.125,49.5,451900,27.493361
"AVY",1998-09-16,49.6875,51.25,49.5625,51,278700,28.326496
"AVY",1998-09-17,50.75,51.0625,49.5625,50.375,268700,27.979372
"AVY",1998-09-18,50.5,50.9375,50,50.375,241500,27.979372
"AVY",1998-09-21,50.125,50.6875,49.6875,50.375,121900,27.979372
"AVY",1998-09-22,50.5625,51.9375,50.5,51.4375,204800,28.569492
"AVY",1998-09-23,51.5,52.875,51.25,52.625,441800,29.229052
"AVY",1998-09-24,52.875,53.75,51.375,51.75,183800,28.743069
"AVY",1998-09-25,51.5,52.6875,50.75,51.875,163200,28.812498
"AVY",1998-09-28,52.125,52.8125,49.5,49.625,691500,27.562809
"AVY",1998-09-29,48,48,42,43.1875,972500,23.987263
"AVY",1998-09-30,42.9375,45.125,42.9375,43.6875,842400,24.264977
"AVY",1998-10-01,43.0625,43.8125,41.5,41.8125,587200,23.223566
"AVY",1998-10-02,42.0625,43.125,40,41.1875,442100,22.876431
"AVY",1998-10-05,41.4375,41.625,40.3125,41.4375,418700,23.015276
"AVY",1998-10-06,41.875,42.25,41.125,41.6875,391900,23.154135
"AVY",1998-10-07,41.6875,43.375,41.6875,42.0625,466300,23.36241
"AVY",1998-10-08,41.8125,42.4375,41.5,42.125,409900,23.397139
"AVY",1998-10-09,42.3125,44.375,42.3125,43.875,313800,24.369114
"AVY",1998-10-12,44,46.3125,43.875,46,288900,25.549381
"AVY",1998-10-13,46.125,47.1875,45.8125,47.1875,412800,26.208965
"AVY",1998-10-14,46.8125,47.1875,45.0625,45.125,501700,25.063393
"AVY",1998-10-15,44.9375,46.1875,44.5625,45.875,280100,25.479973
"AVY",1998-10-16,46.0625,46.0625,45.0625,45.0625,293200,25.028688
"AVY",1998-10-19,45,45.75,44.8125,44.8125,244300,24.88982
"AVY",1998-10-20,44.9375,45.3125,39.4375,41.9375,2206100,23.292992
"AVY",1998-10-21,41.875,42.25,40.875,41.625,899900,23.119423
"AVY",1998-10-22,41.75,42,41.4375,41.875,384000,23.25827
"AVY",1998-10-23,41.9375,41.9375,40.0625,40.9375,429600,22.737568
"AVY",1998-10-26,41,42,40.875,42,329900,23.3277
"AVY",1998-10-27,42.4375,44.375,42.1875,43.5,468900,24.160826
"AVY",1998-10-28,43.625,43.625,41.0625,41.25,417700,22.911144
"AVY",1998-10-29,41.3125,41.375,39.875,40.875,369900,22.702852
"AVY",1998-10-30,42,42.1875,41.4375,41.4375,563000,23.015276
"AVY",1998-11-02,41.6875,44,41.6875,43.25,879500,24.02198
"AVY",1998-11-03,43.5,45.375,43.5,45,342900,24.993965
"AVY",1998-11-04,45.25,45.9375,45.1875,45.625,190700,25.341106
"AVY",1998-11-05,45.625,45.75,45.0625,45.6875,469700,25.375814
"AVY",1998-11-06,45.625,46.6875,45.375,45.5625,278100,25.306398
"AVY",1998-11-09,45.6875,45.6875,44.5625,44.6875,180900,24.820414
"AVY",1998-11-10,44.6875,44.6875,42.8125,42.875,398800,23.813704
"AVY",1998-11-11,43.5,43.5,41.8125,42.25,643400,23.466551
"AVY",1998-11-12,42.3125,43.375,42.3125,43.125,283500,23.952555
"AVY",1998-11-13,44,45.75,43.9375,45.1875,483200,25.098106
"AVY",1998-11-16,45,46.25,45,45.5625,297500,25.306398
"AVY",1998-11-17,45.3125,46.625,45.25,46.25,309600,25.688259
"AVY",1998-11-18,45.875,46.4375,45.875,46.125,266200,25.618816
"AVY",1998-11-19,46.625,46.875,46.1875,46.3125,236500,25.72296
"AVY",1998-11-20,46.875,46.9375,46,46.3125,260300,25.72296
"AVY",1998-11-23,46.3125,48.5,46.125,48.5,285500,26.937943
"AVY",1998-11-24,48.5,49,47.5,47.9375,325000,26.625519
"AVY",1998-11-25,47.8125,47.9375,47.125,47.9375,279200,26.625519
"AVY",1998-11-27,47.9375,48.125,47.8125,48.0625,98500,26.694967
"AVY",1998-11-30,47.75,48.25,46.6875,47.9375,277000,26.759129
"AVY",1998-12-01,47.5625,47.6875,46.9375,47.6875,254000,26.6196
"AVY",1998-12-02,47.75,47.8125,45.75,46,250600,25.677614
"AVY",1998-12-03,45.75,46,44.375,44.625,179800,24.910076
"AVY",1998-12-04,45,45.1875,44.25,44.4375,348700,24.805412
"AVY",1998-12-07,44.1875,45.75,44.1875,45.5,424800,25.39851
"AVY",1998-12-08,45.25,45.4375,45,45.1875,172500,25.224066
"AVY",1998-12-09,45.0625,45.8125,44.875,45.625,183600,25.468288
"AVY",1998-12-10,45.5625,45.625,43.3125,44.3125,283500,24.735628
"AVY",1998-12-11,44.5,44.625,43.9375,44.4375,245900,24.805412
"AVY",1998-12-14,44.0625,44.4375,43,44,290400,24.561193
"AVY",1998-12-15,44.25,44.4375,43.8125,44.25,374600,24.700756
"AVY",1998-12-16,44.125,44.125,42.6875,43.125,663000,24.07276
"AVY",1998-12-17,43.25,43.25,42.25,42.5,305500,23.723877
"AVY",1998-12-18,41.875,42.0625,41.375,41.5,717500,23.165678
"AVY",1998-12-21,41.5,43.6875,41.25,43.25,375600,24.142527
"AVY",1998-12-22,43.1875,44.5625,43.0625,43.5625,242000,24.316975
"AVY",1998-12-23,43.8125,44.5,43.5625,44.3125,160200,24.735628
"AVY",1998-12-24,45,45.3125,44.3125,44.5,97500,24.840296
"AVY",1998-12-28,44.4375,44.6875,44.3125,44.6875,165400,24.944962
"AVY",1998-12-29,44.5625,45.75,44.125,45.75,201900,25.538046
"AVY",1998-12-30,45.375,46,45,45.9375,217700,25.642723
"AVY",1998-12-31,45.6875,45.6875,44.875,45.0625,280100,25.154282
"AVY",1999-01-04,45.25,46.5,44.3125,44.9375,179200,25.08452
"AVY",1999-01-05,44.0625,44.75,42.0625,42.6875,784100,23.828541
"AVY",1999-01-06,44,44.25,43,43.75,1129600,24.421638
"AVY",1999-01-07,43.5,43.75,42.375,43.125,364500,24.07276
"AVY",1999-01-08,43.5,43.5625,42.9375,43.375,297100,24.212311
"AVY",1999-01-11,43.5,43.8125,43,43.1875,277100,24.107649
"AVY",1999-01-12,43.0625,43.5,42.25,42.375,163600,23.654108
"AVY",1999-01-13,42.375,42.625,40.6875,40.6875,327200,22.71213
"AVY",1999-01-14,40.9375,41.5,40,41.5,387500,23.165678
"AVY",1999-01-15,42,42.4375,41.625,41.8125,587200,23.340113
"AVY",1999-01-19,40.5,41.6875,40.5,40.75,448900,22.747015
"AVY",1999-01-20,41,41.4375,40.375,40.375,330700,22.537689
"AVY",1999-01-21,39.625,40.1875,39.4375,40.1875,543500,22.43302
"AVY",1999-01-22,39.9375,40.6875,39.375,39.75,422700,22.188808
"AVY",1999-01-25,39.75,40.9375,39.4375,40.6875,367600,22.71213
"AVY",1999-01-26,41,43.125,40.4375,43.0625,1278800,24.037878
"AVY",1999-01-27,46.5,50,46,48,1506800,26.794033
"AVY",1999-01-28,48,49.25,48,48.6875,395800,27.177803
"AVY",1999-01-29,48.9375,49.8125,48.75,49.4375,473600,27.596453
"AVY",1999-02-01,49.6875,49.75,48.875,49.25,409200,27.491798
"AVY",1999-02-02,49.125,49.125,47.8125,48.6875,429300,27.177803
"AVY",1999-02-03,48.5625,49.75,48.5625,49.75,442000,27.770893
"AVY",1999-02-04,49.625,50.875,49.625,50.1875,505500,28.015114
"AVY",1999-02-05,50.375,52.75,50.375,52,1047700,29.026861
"AVY",1999-02-08,53,53.9375,51.5625,51.875,461800,28.95709
"AVY",1999-02-09,51.6875,51.75,51.0625,51.4375,353600,28.71287
"AVY",1999-02-10,51.625,52.4375,51.3125,51.5,393100,28.747753
"AVY",1999-02-11,51.3125,51.5,50.5,50.6875,225600,28.294209
"AVY",1999-02-12,50.5,51.8125,49.375,51.4375,443100,28.71287
"AVY",1999-02-16,51.6875,52.6875,51.4375,52.1875,563100,29.131535
"AVY",1999-02-17,52.1875,52.875,51.6875,52.8125,611900,29.4804
"AVY",1999-02-18,52.8125,52.8125,51.75,52.4375,339300,29.271086
"AVY",1999-02-19,52.6875,52.75,52.3125,52.4375,324000,29.271086
"AVY",1999-02-22,52.375,54.625,52.375,54.625,440900,30.492172
"AVY",1999-02-23,54.6875,54.6875,53.375,54.0625,409900,30.178169
"AVY",1999-02-24,54.25,55,53.1875,53.625,216800,29.933952
"AVY",1999-02-25,53.375,53.375,52.375,52.875,217800,29.515297
"AVY",1999-02-26,52.875,53.6875,52.25,53.6875,172300,29.968851
"AVY",1999-03-01,53.25,53.25,52.375,53.25,232100,29.858091
"AVY",1999-03-02,53,53,52.6875,52.8125,325000,29.612795
"AVY",1999-03-03,53.1875,53.875,52,52.625,243400,29.507647
"AVY",1999-03-04,52.5625,52.875,51.375,51.5625,196900,28.91189
"AVY",1999-03-05,51.75,52.3125,51.25,52.25,373100,29.297394
"AVY",1999-03-08,52.0625,52.1875,50.6875,51.625,272900,28.94693
"AVY",1999-03-09,51.75,51.8125,51,51.5625,168800,28.91189
"AVY",1999-03-10,51.5,53.5625,51.125,53.375,269000,29.928185
"AVY",1999-03-11,53.9375,56.375,53.75,56.1875,486700,31.50519
"AVY",1999-03-12,55.625,55.625,54,54.3125,378100,30.453867
"AVY",1999-03-15,54.0625,55.125,53.5,54.4375,337600,30.523964
"AVY",1999-03-16,54.5625,54.875,54.25,54.875,357300,30.769264
"AVY",1999-03-17,55,55,54.1875,54.4375,329600,30.523964
"AVY",1999-03-18,54.5625,55.625,54.375,55.5,237200,31.119711
"AVY",1999-03-19,56,56,54.375,54.375,224800,30.488899
"AVY",1999-03-22,54.375,54.4375,53.1875,53.4375,188900,29.963236
"AVY",1999-03-23,53.5,54.625,52,53.875,269500,30.208546
"AVY",1999-03-24,53.875,56.1875,53.8125,55.5625,289600,31.154762
"AVY",1999-03-25,55.5625,56.5,55.375,56.125,493600,31.470161
"AVY",1999-03-26,56.125,57.25,55.5,56.6875,477600,31.785566
"AVY",1999-03-29,56.9375,58.0625,56.875,57.8125,259100,32.416367
"AVY",1999-03-30,57.8125,59,56.9375,59,483600,33.082222
"AVY",1999-03-31,59,59.375,56.875,57.5,280700,32.241138
"AVY",1999-04-01,57.75,58.0625,57.125,57.9375,245800,32.486458
"AVY",1999-04-05,57.75,58.0625,57,58,252000,32.521488
"AVY",1999-04-06,58,58.125,56,56.625,210300,31.750513
"AVY",1999-04-07,56.625,57.25,55.5,56.6875,267600,31.785566
"AVY",1999-04-08,56.9375,57.25,56.625,57,343900,31.960794
"AVY",1999-04-09,57,57.75,56.125,57.625,173300,32.311245
"AVY",1999-04-12,57.625,58.6875,57.4375,58.4375,205000,32.766808
"AVY",1999-04-13,58.375,58.625,57.5625,58.625,252100,32.871952
"AVY",1999-04-14,58.625,61.875,58.625,61.4375,670000,34.448956
"AVY",1999-04-15,61.5,64.1875,61.5,63,574900,35.325092
"AVY",1999-04-16,63.25,63.25,61.125,62.6875,240800,35.149864
"AVY",1999-04-19,62.5625,66.5,62.5625,65.625,538500,36.796947
"AVY",1999-04-20,64.125,64.625,61.9375,64.5,509000,36.166161
"AVY",1999-04-21,64.375,64.375,62.6875,63.25,170500,35.465252
"AVY",1999-04-22,63.0625,63.0625,60.75,61.5,250000,34.483997
"AVY",1999-04-23,61.5,61.75,60.3125,61,218000,34.20364
"AVY",1999-04-26,61,61,58.875,58.9375,252300,33.047169
"AVY",1999-04-27,58.9375,61.75,57,61.125,676800,34.273746
"AVY",1999-04-28,61.875,64.5625,61.75,64.0625,449100,35.920837
"AVY",1999-04-29,64.25,69,64.25,67.125,925900,37.63802
"AVY",1999-04-30,67.25,69.625,67.1875,68.25,691600,38.268837
"AVY",1999-05-03,67.5,69.3125,67.3125,69.0625,482900,38.724407
"AVY",1999-05-04,68.9375,69.3125,67.5,68,761900,38.128654
"AVY",1999-05-05,67.9375,69.125,67.9375,69.125,294800,38.759457
"AVY",1999-05-06,68.5625,69.5,67.625,68.875,338200,38.619293
"AVY",1999-05-07,68.875,69.25,67.6875,68.5,259500,38.409016
"AVY",1999-05-10,67.875,68.75,64.75,66.5625,345200,37.322639
"AVY",1999-05-11,66.8125,66.9375,65.1875,66.5,292900,37.287586
"AVY",1999-05-12,66.4375,66.4375,64.4375,64.875,206800,36.376415
"AVY",1999-05-13,64.8125,65.0625,63.9375,64.5,186900,36.166161
"AVY",1999-05-14,63.625,64.4375,63.375,63.5,199500,35.605453
"AVY",1999-05-17,63.25,63.4375,61.4375,62.1875,292900,34.869492
"AVY",1999-05-18,62.125,63.5625,60.625,61.375,317000,34.413914
"AVY",1999-05-19,62,62.9375,61.9375,62.5625,364600,35.079769
"AVY",1999-05-20,62.75,63.4375,61.375,61.4375,230000,34.448956
"AVY",1999-05-21,61.5,62.875,60.375,61.125,369200,34.273746
"AVY",1999-05-24,61.125,63.5625,61.125,63.0625,504300,35.360138
"AVY",1999-05-25,63.0625,63.8125,61.8125,62.3125,355300,34.939598
"AVY",1999-05-26,62.375,63.875,61.25,63.625,371000,35.675522
"AVY",1999-05-27,63.375,63.375,60,60.6875,241300,34.028412
"AVY",1999-05-28,60.1875,60.25,59.1875,59.875,197300,33.706142
"AVY",1999-06-01,59.875,59.875,58,59.4375,356000,33.45985
"AVY",1999-06-02,59.875,60.0625,59.0625,59.8125,298300,33.670971
"AVY",1999-06-03,60.0625,62.25,60.0625,62,265300,34.902393
"AVY",1999-06-04,61.875,63.3125,61.875,62.875,307100,35.394974
"AVY",1999-06-07,63.4375,64.375,62.625,64.3125,169900,36.204185
"AVY",1999-06-08,64.0625,68.875,64.0625,66,1004800,37.15416
"AVY",1999-06-09,65.9375,66.4375,63.5625,64.1875,420900,36.133831
"AVY",1999-06-10,64.0625,64.625,63.5,64.375,153900,36.23938
"AVY",1999-06-11,64.625,64.6875,61.875,62.4375,230200,35.148663
"AVY",1999-06-14,62.4375,63.875,62.125,63.5625,144200,35.781998
"AVY",1999-06-15,63.875,64.75,62.1875,62.5,236000,35.183853
"AVY",1999-06-16,63,63.0625,62.1875,63,134000,35.465347
"AVY",1999-06-17,62.4375,63.0625,62,63.0625,98700,35.500523
"AVY",1999-06-18,62.625,63.1875,61.375,63.0625,365100,35.500523
"AVY",1999-06-21,63.0625,63.125,62.3125,62.5,127000,35.183853
"AVY",1999-06-22,62.75,63.125,62.375,62.6875,158800,35.289433
"AVY",1999-06-23,62.75,63.0625,61.1875,63,154400,35.465347
"AVY",1999-06-24,63.0625,63.0625,61,61.9375,206200,34.867207
"AVY",1999-06-25,62,63,61.125,61.125,126500,34.409821
"AVY",1999-06-28,61.3125,62.875,60.875,61,157100,34.339451
"AVY",1999-06-29,61,61.125,59.875,60.9375,273100,34.304276
"AVY",1999-06-30,60.9375,61,59.8125,60.375,379300,33.987606
"AVY",1999-07-01,60.625,61.125,60.0625,61,238100,34.339451
"AVY",1999-07-02,61.75,62.25,61.625,61.8125,165500,34.796856
"AVY",1999-07-06,62,62.25,61.25,61.9375,139600,34.867207
"AVY",1999-07-07,62.4375,62.875,61.9375,62.25,178700,35.043121
"AVY",1999-07-08,62.0625,63.1875,61.5,62.3125,218000,35.078312
"AVY",1999-07-09,62.0625,63.375,62.0625,63.0625,224800,35.500523
"AVY",1999-07-12,63.125,63.1875,62.8125,63.0625,280900,35.500523
"AVY",1999-07-13,62.8125,63.0625,62.4375,63,184800,35.465347
"AVY",1999-07-14,63,63.9375,63,63.625,130700,35.817177
"AVY",1999-07-15,63.4375,63.625,62,62.4375,193700,35.148663
"AVY",1999-07-16,62.5625,62.9375,61.8125,62.875,91000,35.394974
"AVY",1999-07-19,62.875,63.3125,61.9375,62.875,175800,35.394974
"AVY",1999-07-20,62.75,62.75,61.375,61.6875,386900,34.726475
"AVY",1999-07-21,61.9375,63.125,61.8125,62.6875,259200,35.289433
"AVY",1999-07-22,63.0625,64.5625,62.8125,63.9375,340200,35.993073
"AVY",1999-07-23,64,64.0625,62.75,63.125,185900,35.535717
"AVY",1999-07-26,63.375,63.5625,62.5,63,133200,35.465347
"AVY",1999-07-27,63,63.5,61.9375,63.3125,331300,35.641247
"AVY",1999-07-28,62.75,62.75,61.5,62.1875,194000,35.007942
"AVY",1999-07-29,60.9375,62.25,60.4375,61.5,235800,34.620911
"AVY",1999-07-30,61.75,62.1875,60.75,61.375,288300,34.550552
"AVY",1999-08-02,61.4375,62.3125,61.125,61.625,321900,34.691296
"AVY",1999-08-03,62,62.375,61.875,62.25,234100,35.043121
"AVY",1999-08-04,62,62.6875,61.8125,62.25,483200,35.043121
"AVY",1999-08-05,62.25,62.25,61.6875,62.0625,260700,34.937565
"AVY",1999-08-06,62,62.125,60,60.25,228000,33.917244
"AVY",1999-08-09,60.6875,60.9375,60.0625,60.1875,145600,33.882053
"AVY",1999-08-10,60,60,57.6875,58.125,313100,32.720997
"AVY",1999-08-11,58.125,58.125,57.625,58,441300,32.650623
"AVY",1999-08-12,57.9375,57.9375,56.5625,56.5625,252200,31.841391
"AVY",1999-08-13,56.625,57.1875,55.6875,56.5,592700,31.806219
"AVY",1999-08-16,56.8125,57.625,56.8125,57.375,564400,32.29879
"AVY",1999-08-17,57.3125,59.1875,57.3125,58.375,389000,32.861725
"AVY",1999-08-18,58.5,58.5,57.5625,57.625,163000,32.43951
"AVY",1999-08-19,57.5625,57.9375,56.625,57.25,306100,32.228432
"AVY",1999-08-20,57.375,58.3125,57.0625,57.6875,185500,32.474705
"AVY",1999-08-23,57.5625,58,57,57.375,314200,32.29879
"AVY",1999-08-24,57.3125,57.5625,55.6875,56.8125,306800,31.982117
"AVY",1999-08-25,57.0625,57.1875,55.9375,56.0625,342500,31.559921
"AVY",1999-08-26,56.1875,56.75,55.625,56.375,256200,31.735825
"AVY",1999-08-27,56.25,56.4375,55.375,55.375,151500,31.17289
"AVY",1999-08-30,55.25,55.8125,53.625,53.75,369900,30.389826
"AVY",1999-08-31,53.875,56.625,53.4375,54.875,523300,31.025887
"AVY",1999-09-01,54.9375,56.5,54.9375,55.9375,447800,31.626627
"AVY",1999-09-02,55.625,55.75,54.375,55.1875,238000,31.202597
"AVY",1999-09-03,55.3125,58.0625,55.3125,57,351600,32.227367
"AVY",1999-09-07,57,57.9375,56.625,57.5,200600,32.510056
"AVY",1999-09-08,56.625,57.0625,55.5,56.4375,379100,31.909328
"AVY",1999-09-09,56.6875,56.875,56,56.3125,137900,31.838655
"AVY",1999-09-10,56.4375,58.875,55.75,57.875,260700,32.722076
"AVY",1999-09-13,57.6875,58.6875,57.4375,58.1875,244200,32.898758
"AVY",1999-09-14,58,58,56.1875,56.1875,193100,31.767965
"AVY",1999-09-15,56.0625,57.375,55.375,55.375,229000,31.308584
"AVY",1999-09-16,55.8125,56,54.9375,55.75,181100,31.520605
"AVY",1999-09-17,56.25,56.3125,55.75,55.8125,311300,31.555939
"AVY",1999-09-20,55.8125,56.1875,55.125,55.375,174600,31.308584
"AVY",1999-09-21,55.4375,55.4375,53.8125,54.25,419000,30.672527
"AVY",1999-09-22,54.125,54.3125,53.375,53.6875,219400,30.354517
"AVY",1999-09-23,53.6875,53.6875,52.5625,52.8125,274800,29.859776
"AVY",1999-09-24,52.9375,53.875,52.625,53.6875,312500,30.354517
"AVY",1999-09-27,54,54.25,53.25,53.25,408900,30.107143
"AVY",1999-09-28,53.3125,54,52.4375,52.875,889600,29.895124
"AVY",1999-09-29,53,53,51.5,52.375,246300,29.612417
"AVY",1999-09-30,52.4375,52.875,51.6875,52.75,448000,29.824446
"AVY",1999-10-01,51.875,52.1875,51.4375,52.1875,273700,29.506414
"AVY",1999-10-04,53.1875,53.75,52.8125,52.875,423900,29.895124
"AVY",1999-10-05,52.875,54.125,52.8125,53.6875,366800,30.354517
"AVY",1999-10-06,53.8125,54,53,53.4375,334800,30.213158
"AVY",1999-10-07,53.5,54.6875,53.1875,54.625,619000,30.884554
"AVY",1999-10-08,54.625,55.75,54.625,54.9375,587600,31.061241
"AVY",1999-10-11,54.8125,55.1875,54.625,54.75,433900,30.955233
"AVY",1999-10-12,54.5,54.5,53.8125,54,260200,30.531174
"AVY",1999-10-13,54,54.1875,53.5,53.5,314800,30.248478
"AVY",1999-10-14,53.5625,53.75,52.875,53.5,361700,30.248478
"AVY",1999-10-15,53.5,53.5,51.8125,51.8125,248400,29.294386
"AVY",1999-10-18,51.625,53.75,51.625,53.375,276000,30.177813
"AVY",1999-10-19,53.625,54.9375,53.5625,54.0625,303000,30.566511
"AVY",1999-10-20,56,56,55.1875,55.5625,341100,31.41461
"AVY",1999-10-21,55.5625,56.8125,55.375,55.4375,428300,31.343939
"AVY",1999-10-22,55.75,57.5,55.75,56.9375,224000,32.192024
"AVY",1999-10-25,56.9375,58.3125,56.9375,57.125,333900,32.298016
"AVY",1999-10-26,56.875,56.875,55.5,55.5,353900,31.379272
"AVY",1999-10-27,55.5,59.25,55.4375,58.125,389700,32.863419
"AVY",1999-10-28,61,61.0625,59.0625,59.0625,366300,33.393501
"AVY",1999-10-29,59.1875,62.875,58.9375,62.5,228500,35.337009
"AVY",1999-11-01,62.625,62.6875,60.9375,60.9375,322100,34.453598
"AVY",1999-11-02,60.9375,61.9375,60.5,60.9375,385700,34.453598
"AVY",1999-11-03,60.6875,62.4375,60.375,61.6875,173000,34.877636
"AVY",1999-11-04,62.0625,62.875,60.9375,61.125,254100,34.559605
"AVY",1999-11-05,60.875,63.875,60.875,62.8125,210100,35.513714
"AVY",1999-11-08,62.6875,63.4375,62.375,62.75,269500,35.478359
"AVY",1999-11-09,62.6875,62.6875,61.25,61.5625,224600,34.806969
"AVY",1999-11-10,61.5,61.75,60.5,61.125,234600,34.559605
"AVY",1999-11-11,61.875,62.4375,61.375,62.3125,142400,35.231014
"AVY",1999-11-12,62.3125,62.4375,61.5,62.4375,136100,35.301674
"AVY",1999-11-15,62.1875,62.9375,61.1875,62.625,118900,35.407707
"AVY",1999-11-16,62.875,63.4375,61.8125,62,493100,35.054314
"AVY",1999-11-17,61.75,62.125,60.6875,62,376700,35.054314
"AVY",1999-11-18,62.0625,63.375,61.6875,63.1875,244200,35.725723
"AVY",1999-11-19,62.1875,62.1875,61.0625,61.75,263500,34.912991
"AVY",1999-11-22,61.625,61.9375,60.6875,60.6875,207200,34.312248
"AVY",1999-11-23,60.625,60.875,60.125,60.1875,166100,34.029545
"AVY",1999-11-24,59.75,59.75,59.0625,59.75,343100,33.782196
"AVY",1999-11-26,59.875,59.875,59.5625,59.625,142800,33.711514
"AVY",1999-11-29,59.25,59.3125,58.875,59,315900,33.509899
"AVY",1999-11-30,58.5,61.0625,58.5,59.375,494000,33.722878
"AVY",1999-12-01,59.375,59.375,58.375,58.8125,181400,33.403381
"AVY",1999-12-02,58.5625,59.75,58.5625,59.3125,204100,33.687374
"AVY",1999-12-03,59.375,59.875,59.1875,59.5,241800,33.793869
"AVY",1999-12-06,59.5625,59.5625,58.8125,58.9375,238000,33.47438
"AVY",1999-12-07,59.1875,59.6875,58,58.75,257700,33.367897
"AVY",1999-12-08,58.625,59.5625,58.5625,58.75,149400,33.367897
"AVY",1999-12-09,59.125,59.8125,58.8125,59.375,285900,33.722878
"AVY",1999-12-10,59.625,61.6875,59.4375,61.6875,305700,35.036297
"AVY",1999-12-13,61.9375,61.9375,60.9375,61.5625,365600,34.965298
"AVY",1999-12-14,61.375,62.875,61.375,62.6875,309600,35.604263
"AVY",1999-12-15,62.6875,64.875,62.6875,63.8125,625500,36.243217
"AVY",1999-12-16,64.1875,65.25,63.375,64.9375,513700,36.882172
"AVY",1999-12-17,66.25,68.9375,66,67.875,647100,38.550583
"AVY",1999-12-20,67.75,69.5,67,67.8125,428100,38.515057
"AVY",1999-12-21,68,68.75,67.875,67.9375,497300,38.586071
"AVY",1999-12-22,68,69.0625,67.9375,68.75,278100,39.047535
"AVY",1999-12-23,68.75,69.9375,67.8125,68.375,324700,38.834545
"AVY",1999-12-27,68.75,69.25,68.1875,69.25,352500,39.331532
"AVY",1999-12-28,69,70.5,69,70.0625,291200,39.792992
"AVY",1999-12-29,70.125,72.25,70.125,71.875,194100,40.822433
"AVY",1999-12-30,71.625,72.25,71.5,71.8125,116500,40.786934
"AVY",1999-12-31,71.625,73,71.625,72.875,102800,41.390396
"AVY",2000-01-03,72.25,72.375,71.375,71.375,420200,40.538448
"AVY",2000-01-04,68.625,70.9375,68.3125,70.4375,642700,40.005985
"AVY",2000-01-05,70.125,73.875,70.125,72.75,477700,41.319405
"AVY",2000-01-06,72,75.4375,71.875,75.3125,536100,42.77478
"AVY",2000-01-07,75.3125,76.625,74.625,75.5625,679900,42.916794
"AVY",2000-01-10,75.8125,78.125,75.625,78,883400,44.301201
"AVY",2000-01-11,77.75,78.5,76.875,77.5625,724100,44.052727
"AVY",2000-01-12,77.3125,77.3125,75.9375,76.875,603400,43.662254
"AVY",2000-01-13,76.875,77.1875,74.375,76.25,374800,43.307289
"AVY",2000-01-14,76.5,76.625,74.25,76.5,349300,43.449257
"AVY",2000-01-18,74.6875,75.6875,73.25,74.9375,490200,42.561817
"AVY",2000-01-19,73,73.25,67.125,68.6875,1630200,39.012043
"AVY",2000-01-20,68.25,68.25,66.375,66.5,815700,37.76963
"AVY",2000-01-21,67.25,69.5,67.25,69.5,473700,39.473511
"AVY",2000-01-24,69.25,69.3125,67.125,67.3125,261900,38.231087
"AVY",2000-01-25,67.3125,68.375,66.875,68.25,382200,38.76355
"AVY",2000-01-26,68.25,70.6875,67.3125,68.875,425700,39.118549
"AVY",2000-01-27,69.125,70.5625,67.625,68.4375,289100,38.870037
"AVY",2000-01-28,68.4375,68.4375,66.5,66.5,259800,37.76963
"AVY",2000-01-31,66.5,68.5,65.375,67.75,303900,38.479572
"AVY",2000-02-01,67.25,67.25,66.125,67.0625,293300,38.089096
"AVY",2000-02-02,67.3125,67.375,66.1875,66.625,261800,37.840618
"AVY",2000-02-03,66.125,67.75,66,66.0625,363500,37.521137
"AVY",2000-02-04,66,67.9375,64.5,67.125,418800,38.124588
"AVY",2000-02-07,67.125,67.125,64.3125,65.8125,291400,37.379147
"AVY",2000-02-08,65.5625,66,64.5,65.75,207200,37.343643
"AVY",2000-02-09,65.5,65.5,64,64.625,182400,36.704678
"AVY",2000-02-10,64.625,65.0625,63.375,65,247100,36.917664
"AVY",2000-02-11,65.0625,65.75,62.625,63.4375,236100,36.030224
"AVY",2000-02-14,63.4375,66,62.6875,65.6875,272600,37.30814
"AVY",2000-02-15,65.5625,67.75,64.875,67.5,353100,38.337574
"AVY",2000-02-16,67.75,67.75,64.125,65.6875,208700,37.30814
"AVY",2000-02-17,65.5625,66.9375,64.1875,66.9375,237600,38.018116
"AVY",2000-02-18,66.875,66.875,61.875,63.25,327800,35.923729
"AVY",2000-02-22,63.25,65.25,63.25,64.6875,278800,36.740181
"AVY",2000-02-23,64.5,65.5,63.375,64.5,330000,36.633694
"AVY",2000-02-24,64.5,64.5,60.875,61.875,404200,35.142773
"AVY",2000-02-25,61.25,61.375,59.6875,60.75,362400,34.50383
"AVY",2000-02-28,60.5,60.8125,59.5625,59.9375,384000,34.194321
"AVY",2000-02-29,60,60.8125,59.5,60.6875,393600,34.6222
"AVY",2000-03-01,60.1875,60.1875,58.125,58.6875,339700,33.481201
"AVY",2000-03-02,59.375,60.5,58.6875,60.125,545700,34.301292
"AVY",2000-03-03,62,63.875,61.6875,63.375,351400,36.155415
"AVY",2000-03-06,63.125,63.25,58.3125,58.4375,503700,33.338585
"AVY",2000-03-07,58.5,58.5,55.25,55.3125,648800,31.555769
"AVY",2000-03-08,55.375,57.5,54.8125,57.375,567200,32.732414
"AVY",2000-03-09,57.5,59.75,57.125,59.6875,597400,34.051693
"AVY",2000-03-10,59.5625,61.5,59.5,60.5,347000,34.515228
"AVY",2000-03-13,60.625,60.625,57.6875,58.9375,480600,33.623821
"AVY",2000-03-14,58.6875,58.875,56.25,58.0625,374900,33.124641
"AVY",2000-03-15,58.3125,63.25,58.3125,62.8125,459500,35.834515
"AVY",2000-03-16,63,70,62.8125,67.6875,553500,38.615696
"AVY",2000-03-17,67,67.25,63.25,63.3125,486200,36.119759
"AVY",2000-03-20,63.4375,66.8125,63.4375,64,299000,36.51199
"AVY",2000-03-21,63.9375,64.5,61.625,64,374700,36.51199
"AVY",2000-03-22,63.125,63.25,60.25,62.125,399000,35.442287
"AVY",2000-03-23,61.625,64.6875,61.5,64.5625,443100,36.83289
"AVY",2000-03-24,63.9375,64.125,58.875,60.625,657000,34.58654
"AVY",2000-03-27,60,62.5,56.875,58.4375,451700,33.338585
"AVY",2000-03-28,58.5625,59.75,57.1875,57.4375,417600,32.76807
"AVY",2000-03-29,57.9375,59.25,57.25,58.9375,507300,33.623821
"AVY",2000-03-30,59.1875,61.75,58.8125,60.9375,478200,34.764832
"AVY",2000-03-31,60.3125,62.625,60.3125,61.0625,268300,34.836124
"AVY",2000-04-03,60.8125,60.9375,58.75,59.4375,470800,33.909069
"AVY",2000-04-04,58.8125,61.125,57.4375,59.375,381200,33.873421
"AVY",2000-04-05,59.125,60.5,58.0625,58.375,205300,33.30291
"AVY",2000-04-06,58.1875,58.4375,57.625,58.125,247000,33.16029
"AVY",2000-04-07,57.25,57.9375,56.25,57.75,581500,32.94635
"AVY",2000-04-10,57.875,61.5,57.6875,59.75,315300,34.087364
"AVY",2000-04-11,59.5,64.25,59.4375,63.75,478000,36.369354
"AVY",2000-04-12,63.5,67.375,63.125,66.1875,561900,37.759968
"AVY",2000-04-13,65.9375,68,65.625,67.375,649600,38.437424
"AVY",2000-04-14,66.75,66.75,60.8125,61.1875,472600,34.907452
"AVY",2000-04-17,61.25,62.625,59.5,62.375,400500,35.58493
"AVY",2000-04-18,62.125,62.6875,60.0625,62,413600,35.370987
"AVY",2000-04-19,61.75,62.25,60.0625,60.625,257000,34.58654
"AVY",2000-04-20,60.5625,63,59.125,62.625,325700,35.727531
"AVY",2000-04-24,62.375,63.5,59.625,60.3125,281400,34.408268
"AVY",2000-04-25,60.375,63.6875,59.1875,63.4375,872700,36.191082
"AVY",2000-04-26,63.1875,65,61.8125,64.6875,601700,36.904202
"AVY",2000-04-27,62.8125,67,62.8125,65.1875,590900,37.189445
"AVY",2000-04-28,63.5,68.75,63.5,65.625,630700,37.439041
"AVY",2000-05-01,65.125,67.5625,65.125,65.6875,331400,37.474689
"AVY",2000-05-02,66.0625,67.3125,65.4375,65.75,393400,37.510361
"AVY",2000-05-03,65.5625,66.75,65.4375,65.6875,431100,37.474689
"AVY",2000-05-04,65.6875,67.625,64.6875,66.9375,284200,38.187828
"AVY",2000-05-05,66.6875,67.6875,65.75,67.25,237700,38.366108
"AVY",2000-05-08,67.25,68.5625,65.875,66.1875,360100,37.759968
"AVY",2000-05-09,66.1875,67,65.4375,65.625,377400,37.439041
"AVY",2000-05-10,64,66.625,63.875,66.125,466500,37.724289
"AVY",2000-05-11,65.875,67.5,65.3125,67.375,413800,38.437424
"AVY",2000-05-12,67.3125,67.3125,64.3125,65.4375,309700,37.332066
"AVY",2000-05-15,66.25,68.125,65.8125,66.5,472500,37.938244
"AVY",2000-05-16,66.4375,67.3125,65,66.625,436100,38.009548
"AVY",2000-05-17,66.25,66.8125,65.4375,66.5,196200,37.938244
"AVY",2000-05-18,65.625,66,64,64.9375,329400,37.046829
"AVY",2000-05-19,64,64.5,63.625,63.9375,260400,36.476326
"AVY",2000-05-22,64,64.25,62.75,62.9375,319000,35.905804
"AVY",2000-05-23,63.0625,63.1875,61.5,62.5625,317500,35.691887
"AVY",2000-05-24,62.8125,65.1875,62.8125,64.6875,361700,36.904202
"AVY",2000-05-25,64.6875,64.6875,60,61.5625,390400,35.121387
"AVY",2000-05-26,61.8125,63.0625,61.5625,62.6875,240200,35.763218
"AVY",2000-05-30,62.6875,65,61.75,63.6875,452400,36.333706
"AVY",2000-05-31,63.5625,63.5625,61,61.25,408900,34.943108
"AVY",2000-06-01,62.625,63.0625,60.75,62.8125,403200,35.834515
"AVY",2000-06-02,63.4375,64.5,63.4375,63.6875,332200,36.333706
"AVY",2000-06-05,63.5625,63.875,62.6875,63.8125,223500,36.560001
"AVY",2000-06-06,63.625,64.1875,62.3125,63.1875,206900,36.201916
"AVY",2000-06-07,63.3125,64.4375,63.1875,63.5625,241100,36.416775
"AVY",2000-06-08,63.3125,63.3125,62.0625,62.75,160000,35.951267
"AVY",2000-06-09,63,63.5625,62,63.1875,147000,36.201916
"AVY",2000-06-12,63.25,64.375,62.5625,63,127400,36.094505
"AVY",2000-06-13,63.0625,63.6875,63,63.125,151700,36.16613
"AVY",2000-06-14,63.375,66.5625,63.375,65.1875,352700,37.347778
"AVY",2000-06-15,65,65.875,63.5625,64.625,211500,37.025513
"AVY",2000-06-16,64,67,64,66.875,471900,38.31461
"AVY",2000-06-19,66.875,67.9375,66.875,67.5,396400,38.672668
"AVY",2000-06-20,67.25,67.25,65.1875,66.0625,338500,37.849091
"AVY",2000-06-21,65.8125,66.375,64.5,66.3125,222000,37.99234
"AVY",2000-06-22,66.0625,66.4375,65.3125,65.6875,261900,37.634247
"AVY",2000-06-23,65.9375,66.4375,65.3125,66.4375,269500,38.063942
"AVY",2000-06-26,66.5625,67.9375,65.75,66.625,212800,38.171356
"AVY",2000-06-27,66.625,70.5625,66.5625,69.6875,476100,39.925945
"AVY",2000-06-28,69.9375,69.9375,66.8125,67.875,488200,38.887527
"AVY",2000-06-29,67.75,68,66.25,66.9375,461200,38.350403
"AVY",2000-06-30,67.125,67.75,66.125,67.125,724900,38.45784
"AVY",2000-07-03,66.625,69.125,66.625,69.125,141400,39.603703
"AVY",2000-07-05,70.25,70.625,68.125,68.375,329000,39.173977
"AVY",2000-07-06,68.4375,68.4375,66.75,66.9375,283200,38.350403
"AVY",2000-07-07,66.9375,67.09375,63.5,65,671700,37.240356
"AVY",2000-07-10,65,65.25,63.875,64.4375,500600,36.918106
"AVY",2000-07-11,64.3125,65.125,63.5,65,617200,37.240356
"AVY",2000-07-12,65,65,63,64.9375,358400,37.204548
"AVY",2000-07-13,65.0625,67.9375,64.75,67.625,312600,38.744301
"AVY",2000-07-14,67.875,68.25,63.5,65.625,271900,37.598446
"AVY",2000-07-17,64.75,64.875,63.0625,63.84375,343800,36.5779
"AVY",2000-07-18,63.9375,64.375,62.375,63.8125,288600,36.560001
"AVY",2000-07-19,64.25,65,63.75,64.5,202200,36.953907
"AVY",2000-07-20,64.5,65,62.875,64.5625,202400,36.989689
"AVY",2000-07-21,64.625,65.5,64.5625,65.3125,207000,37.419411
"AVY",2000-07-24,65.0625,65.25,63.5,64.625,410000,37.025513
"AVY",2000-07-25,64.75,64.875,61.375,61.9375,486000,35.485764
"AVY",2000-07-26,60,60,53,53.0625,2947600,30.401028
"AVY",2000-07-27,53.625,54.5,51,53.9375,2203200,30.902342
"AVY",2000-07-28,54.625,56,54.625,55.6875,1919000,31.904972
"AVY",2000-07-31,55.4375,55.9375,54,54.25,1365000,31.081388
"AVY",2000-08-01,54.125,55.125,53.9375,54.0625,990800,30.973953
"AVY",2000-08-02,54.6875,56.25,54.5625,55.5,867900,31.797531
"AVY",2000-08-03,55,55.4375,53,53.8125,627100,30.830727
"AVY",2000-08-04,54.0625,54.375,53,54.1875,357000,31.04558
"AVY",2000-08-07,54.6875,57,54.6875,56.625,364000,32.442081
"AVY",2000-08-08,56.6875,58.125,55.8125,57.25,389200,32.800167
"AVY",2000-08-09,57,58.1875,56.875,56.9375,280100,32.621128
"AVY",2000-08-10,57.1875,57.6875,56.875,57,207100,32.656925
"AVY",2000-08-11,57.25,59.375,57.25,58.6875,239200,33.623741
"AVY",2000-08-14,58.8125,59.4375,58.1875,58.6875,392000,33.623741
"AVY",2000-08-15,58.6875,58.6875,57.8125,57.9375,196900,33.194046
"AVY",2000-08-16,58.125,59.3125,56.75,57.8125,383200,33.122433
"AVY",2000-08-17,58.375,59.625,58.3125,58.375,196900,33.444714
"AVY",2000-08-18,57.875,57.9375,56.625,56.875,262400,32.585308
"AVY",2000-08-21,56.9375,56.9375,55.125,55.4375,264300,31.76173
"AVY",2000-08-22,55.5,57.4375,55.375,55.5,376200,31.797531
"AVY",2000-08-23,55.5,55.8125,54.5,55.0625,289500,31.546875
"AVY",2000-08-24,55.0625,57.875,55,55.375,222300,31.725918
"AVY",2000-08-25,55.3125,56.25,55.3125,55.375,246800,31.725918
"AVY",2000-08-28,55.375,56.375,55,55.25,262000,31.654303
"AVY",2000-08-29,55.3125,55.75,54.75,54.75,203500,31.367851
"AVY",2000-08-30,53.5,55.25,53.5,54.3125,248700,31.117184
"AVY",2000-08-31,53.5,54.8125,53.5,54.0625,322800,30.973953
"AVY",2000-09-01,53.6875,53.8125,52.5,52.875,293800,30.445654
"AVY",2000-09-05,53.0625,53.625,52.75,53.1875,277300,30.625584
"AVY",2000-09-06,53.0625,53.5625,51.75,51.875,853500,29.869858
"AVY",2000-09-07,51.9375,51.9375,49.25,49.8125,879600,28.682259
"AVY",2000-09-08,49.8125,49.8125,48,48.5,1060200,27.926498
"AVY",2000-09-11,48.625,49.0625,46.5,47.375,468900,27.278727
"AVY",2000-09-12,47.125,48.125,46.375,47.75,1329300,27.494654
"AVY",2000-09-13,47.625,47.875,46.875,47.375,688900,27.278727
"AVY",2000-09-14,47.3125,47.375,45.25,45.9375,595100,26.451015
"AVY",2000-09-15,46.375,46.5625,44.75,44.8125,1275400,25.803228
"AVY",2000-09-18,44.5625,44.5625,43,43.6875,1152300,25.155449
"AVY",2000-09-19,43.5625,43.625,42.5,43.375,1040300,24.97551
"AVY",2000-09-20,42.25,44.4375,42.25,44,1114500,25.33539
"AVY",2000-09-21,44.1875,45.1875,44.125,44.3125,641100,25.515326
"AVY",2000-09-22,44.3125,45.1875,44,44.4375,681600,25.587305
"AVY",2000-09-25,44.5625,45.5,44.3125,44.5,900100,25.623289
"AVY",2000-09-26,44.625,46,44.625,44.75,574800,25.767241
"AVY",2000-09-27,44.8125,45.25,44,44.625,552100,25.695269
"AVY",2000-09-28,44,47.125,43.9375,46,674300,26.487005
"AVY",2000-09-29,46.25,47.875,46.125,46.375,835800,26.702911
"AVY",2000-10-02,46.3125,47.5,46.0625,46.625,675400,26.846878
"AVY",2000-10-03,46.8125,48.6875,46.8125,47.1875,726300,27.170773
"AVY",2000-10-04,48,49.5625,46.8125,47.125,646500,27.134781
"AVY",2000-10-05,47.0625,47.3125,45.3125,45.875,402300,26.415031
"AVY",2000-10-06,46,47.75,45.875,46.6875,414800,26.882862
"AVY",2000-10-09,47.1875,49.25,47.1875,48.75,568700,28.070467
"AVY",2000-10-10,48.75,48.75,46.6875,46.9375,439100,27.026814
"AVY",2000-10-11,46.6875,48.125,46.1875,46.25,308600,26.630951
"AVY",2000-10-12,46.5,46.625,44.375,44.5625,496200,25.659285
"AVY",2000-10-13,44.3125,44.4375,43.375,44.375,946300,25.551308
"AVY",2000-10-16,44.4375,46.4375,44.375,45.6875,596900,26.307062
"AVY",2000-10-17,46.25,46.9375,42.875,43.3125,761900,24.939522
"AVY",2000-10-18,43.5625,46.5,43.125,45.8125,913300,26.379047
"AVY",2000-10-19,46.0625,47.125,45.75,46.875,418100,26.99082
"AVY",2000-10-20,46.75,46.8125,44.5625,45.0625,428400,25.947176
"AVY",2000-10-23,45.125,45.25,42.875,43.8125,975200,25.227427
"AVY",2000-10-24,43.6875,44.125,41.125,43.8125,1371400,25.227427
"AVY",2000-10-25,44.5,48.125,43.8125,46.125,768800,26.558969
"AVY",2000-10-26,46.1875,47.8125,45.25,47.375,541400,27.278727
"AVY",2000-10-27,47.375,48.75,46.9375,48.25,499800,27.782568
"AVY",2000-10-30,48.5,51.5625,48.5,50.625,1053500,29.150091
"AVY",2000-10-31,51,51,49.25,50.5,618300,29.078114
"AVY",2000-11-01,50.25,50.625,49.4375,50.375,709600,29.006138
"AVY",2000-11-02,50.3125,50.6875,49.5,50.5625,499000,29.114117
"AVY",2000-11-03,50.375,51.25,49.9375,50.6875,539100,29.18609
"AVY",2000-11-06,50.625,52.25,50,50.6875,496300,29.18609
"AVY",2000-11-07,50.6875,51.1875,50.1875,50.875,385700,29.294044
"AVY",2000-11-08,50.875,51.875,50.0625,51.5,378900,29.653931
"AVY",2000-11-09,51.625,51.6875,50.0625,50.5625,425400,29.114117
"AVY",2000-11-10,50.5625,50.875,49.75,50,392600,28.790222
"AVY",2000-11-13,49.75,51.625,49.75,51.375,437600,29.581953
"AVY",2000-11-14,51.75,52.9375,51.6875,52.375,1074200,30.157763
"AVY",2000-11-15,52.375,53.625,52.1875,52.5,903900,30.229727
"AVY",2000-11-16,52,52.5,50.5,51.6875,391200,29.761883
"AVY",2000-11-17,52.3125,54.875,52.3125,53.75,528400,30.94948
"AVY",2000-11-20,53.625,56.25,53.375,55,698100,31.669235
"AVY",2000-11-21,55.125,56.4375,54.8125,55.5,558100,31.95713
"AVY",2000-11-22,55.5,56.8125,55.5,56.25,429500,32.389004
"AVY",2000-11-24,56.5,57.75,56.5,57.1875,218000,32.92881
"AVY",2000-11-27,57,57.5,56.3125,56.625,313600,32.604916
"AVY",2000-11-28,56.375,57.6875,55.25,55.5625,850400,31.993126
"AVY",2000-11-29,55.5625,55.8125,54.4375,55.0625,481700,31.705212
"AVY",2000-11-30,55.5625,55.75,54.5625,55,394700,31.669235
"AVY",2000-12-01,54.9375,56.9375,54.875,56.4375,522100,32.496956
"AVY",2000-12-04,56.125,58.875,55.9375,56.4375,648600,32.670616
"AVY",2000-12-05,54.5,56,52.25,55.5,1202700,32.12793
"AVY",2000-12-06,55,55.9375,54.8125,55.5625,514400,32.164101
"AVY",2000-12-07,55.3125,55.3125,52.75,53.1875,622800,30.789253
"AVY",2000-12-08,52.9375,53.5,51.625,52.6875,528900,30.499807
"AVY",2000-12-11,52.6875,52.6875,50.9375,51.5,691100,29.812389
"AVY",2000-12-12,51.5,52.9375,51.375,52.0625,688200,30.138016
"AVY",2000-12-13,52,52,50.8125,51.5,516900,29.812389
"AVY",2000-12-14,51.25,51.3125,49.5625,50.125,798800,29.016432
"AVY",2000-12-15,49.5,50.125,49.3125,49.5625,621100,28.690817
"AVY",2000-12-18,49.5,49.9375,49,49.375,388700,28.582277
"AVY",2000-12-19,49.4375,50.875,49.25,50.1875,643600,29.052608
"AVY",2000-12-20,49.9375,50.375,49.375,49.4375,577800,28.618458
"AVY",2000-12-21,49.3125,51.5,49.25,50.875,515900,29.45059
"AVY",2000-12-22,50.6875,51.8125,50.6875,51,495700,29.522955
"AVY",2000-12-26,50.75,53.5,50.75,52.6875,392000,30.499807
"AVY",2000-12-27,52.9375,53.75,51.8125,53.5,320000,30.97015
"AVY",2000-12-28,53.5,54.75,51.625,54.5625,275400,31.585218
"AVY",2000-12-29,54.8125,56.4375,54.6875,54.875,509700,31.766125
"AVY",2001-01-02,54.625,55.25,53.125,54.375,454300,31.476675
"AVY",2001-01-03,54.125,57.5,53.375,56.25,684900,32.562084
"AVY",2001-01-04,55.875,57,55.5,56.0625,936600,32.453541
"AVY",2001-01-05,52.625,52.8125,51.5625,52.5,1364600,30.391273
"AVY",2001-01-08,52.75,55.125,52.5,54.75,603600,31.693762
"AVY",2001-01-09,54.75,54.75,52.5625,53,497500,30.680702
"AVY",2001-01-10,52.75,54,51.8125,54,346400,31.259602
"AVY",2001-01-11,53.875,53.875,51.875,52.5625,412600,30.427446
"AVY",2001-01-12,52.5,53.6875,52.125,53.6875,523200,31.078707
"AVY",2001-01-16,52.6875,54.375,52.625,54.375,470300,31.476675
"AVY",2001-01-17,55,55.125,52.4375,53.25,396700,30.825428
"AVY",2001-01-18,51.3125,52.125,51,51.375,814200,29.740044
"AVY",2001-01-19,51.1875,51.25,47.75,50.5,1070200,29.233515
"AVY",2001-01-22,50.5625,51.1875,49.0625,50.875,522400,29.45059
"AVY",2001-01-23,50.875,51.75,49.25,51.25,674500,29.667669
"AVY",2001-01-24,51.375,51.75,50.625,50.875,708300,29.45059
"AVY",2001-01-25,50.875,52.6875,50.8125,51.625,353500,29.884756
"AVY",2001-01-26,51.75,51.75,50.4375,51,221400,29.522955
"AVY",2001-01-29,51.009998,52.299999,51.009998,52.009998,533800,30.10762
"AVY",2001-01-30,52.200001,53.41,52,53.07,349400,30.721241
"AVY",2001-01-31,52.900002,54.5,52.900002,54.220001,414900,31.38695
"AVY",2001-02-01,54.32,54.5,53.169998,53.91,493000,31.207491
"AVY",2001-02-02,53.91,54.080002,53.299999,53.610001,184500,31.033831
"AVY",2001-02-05,53.610001,53.84,52.919998,53.360001,302400,30.889107
"AVY",2001-02-06,53.509998,54.240002,53.110001,53.709999,183700,31.091709
"AVY",2001-02-07,53.959999,54.060001,53.299999,53.57,186200,31.010672
"AVY",2001-02-08,53.57,54.220001,53.57,53.68,230000,31.07435
"AVY",2001-02-09,53.599998,53.900002,52,52.650002,460500,30.478106
"AVY",2001-02-12,52.5,53.369999,52.09,53.27,385300,30.837006
"AVY",2001-02-13,53.27,54.990002,53,54.639999,805900,31.630085
"AVY",2001-02-14,54.639999,55,53.299999,53.48,356900,30.958586
"AVY",2001-02-15,53.470001,55.599998,53.400002,55.200001,235200,31.954247
"AVY",2001-02-16,54.5,54.549999,53.299999,53.860001,699700,31.17856
"AVY",2001-02-20,54.110001,54.439999,53.799999,54.09,296000,31.311705
"AVY",2001-02-21,54.09,54.150002,53.400002,53.580002,346200,31.016468
"AVY",2001-02-22,53.349998,53.720001,51.75,52.299999,324300,30.275488
"AVY",2001-02-23,52,52.400002,51,52.099998,291100,30.159716
"AVY",2001-02-26,52.599998,53.93,52.549999,53.93,233100,31.219072
"AVY",2001-02-27,53.93,54.099998,53,53.5,157500,30.97015
"AVY",2001-02-28,53.5,54,53,53,200600,30.680702
"AVY",2001-03-01,53.400002,53.950001,51.650002,52.91,430100,30.628633
"AVY",2001-03-02,52.5,54.200001,52.5,53.950001,334000,31.230656
"AVY",2001-03-05,53.900002,54.099998,53.849998,54,237700,31.434404
"AVY",2001-03-06,54,54.400002,53.52,53.98,290700,31.422752
"AVY",2001-03-07,53.98,54.970001,53.950001,54.349998,290400,31.638134
"AVY",2001-03-08,54.450001,55,53.950001,55,276100,32.016506
"AVY",2001-03-09,55,56.060001,54.950001,55.5,392800,32.307579
"AVY",2001-03-12,55.25,55.939999,55,55.150002,436800,32.10384
"AVY",2001-03-13,55.049999,55.060001,52.610001,53.279999,436600,31.015266
"AVY",2001-03-14,52.5,53.099998,49.900002,52.110001,559500,30.334196
"AVY",2001-03-15,53.25,53.25,52.099998,52.619999,427300,30.631067
"AVY",2001-03-16,52.599998,53.200001,52.369999,52.490002,1197100,30.555397
"AVY",2001-03-19,52.490002,53.23,52.389999,53.029999,253600,30.869734
"AVY",2001-03-20,53.400002,55.200001,52,52.889999,432200,30.788237
"AVY",2001-03-21,52.639999,53.200001,52.099998,52.5,516200,30.561207
"AVY",2001-03-22,52.349998,52.349998,49.5,51.32,670300,29.874321
"AVY",2001-03-23,51.32,52.66,50.599998,52.009998,359000,30.275986
"AVY",2001-03-26,52.009998,52.48,51.150002,51.689999,300100,30.089716
"AVY",2001-03-27,51.689999,52.049999,50.75,51.990002,421200,30.264341
"AVY",2001-03-28,51.740002,52,50.73,51.990002,242200,30.264341
"AVY",2001-03-29,52,52.099998,51.599998,51.950001,246000,30.241056
"AVY",2001-03-30,52.049999,52.549999,51.529999,52.02,467300,30.281784
"AVY",2001-04-02,52.27,54.299999,50.259998,51.560001,434700,30.014017
"AVY",2001-04-03,51.900002,51.900002,49.599998,50.389999,237700,29.332943
"AVY",2001-04-04,50.389999,52.5,50.150002,51.849998,478700,30.182833
"AVY",2001-04-05,51.849998,53.299999,51.799999,53,300200,30.852266
"AVY",2001-04-06,53.049999,53.099998,51,51.650002,517500,30.066406
"AVY",2001-04-09,52.200001,54.549999,52.200001,52.959999,416800,30.828978
"AVY",2001-04-10,54,56.360001,53.75,55.02,673800,32.028156
"AVY",2001-04-11,54.77,54.77,52.799999,54,461500,31.434404
"AVY",2001-04-12,54.299999,55.25,53.599998,54.57,254300,31.766193
"AVY",2001-04-16,54.82,55.549999,53.599998,53.84,318000,31.341249
"AVY",2001-04-17,53.84,55.119999,53.349998,55.09,362500,32.068905
"AVY",2001-04-18,55.34,57.73,54.650002,56.950001,332200,33.151649
"AVY",2001-04-19,57,57,55.5,55.889999,348000,32.534603
"AVY",2001-04-20,55.990002,56.700001,54.700001,55,227300,32.016506
"AVY",2001-04-23,54.75,56,54.369999,55.150002,265800,32.10384
"AVY",2001-04-24,55.400002,56.09,53.25,55.25,389600,32.162045
"AVY",2001-04-25,54.700001,55,53.34,54.5,391700,31.72546
"AVY",2001-04-26,54.490002,57.5,53.900002,57.25,688100,33.32626
"AVY",2001-04-27,57.5,57.700001,55.799999,56.150002,347300,32.685951
"AVY",2001-04-30,56,56.380001,55.849998,56.07,332000,32.639378
"AVY",2001-05-01,56.080002,56.080002,54.599998,55.959999,311200,32.575333
"AVY",2001-05-02,56.130001,57.099998,55.790001,57.099998,316900,33.238956
"AVY",2001-05-03,57.049999,57.049999,55.700001,55.959999,230500,32.575333
"AVY",2001-05-04,55.709999,57.099998,54.849998,57.09,278400,33.233143
"AVY",2001-05-07,56.900002,57.119999,55.5,55.73,241200,32.44146
"AVY",2001-05-08,55.900002,56.869999,55.400002,56.599998,234600,32.947903
"AVY",2001-05-09,56.5,56.849998,55.849998,56.509998,308700,32.8955
"AVY",2001-05-10,56.900002,56.990002,56.27,56.990002,239500,33.174915
"AVY",2001-05-11,56.990002,56.990002,55.099998,55.549999,573300,32.336678
"AVY",2001-05-14,55.299999,55.93,54.77,55.900002,293100,32.540413
"AVY",2001-05-15,56.470001,56.75,55.849998,56.310001,183700,32.779076
"AVY",2001-05-16,55.799999,59.25,55.799999,58.939999,383600,34.310055
"AVY",2001-05-17,58.950001,60.32,58.599998,59.84,486100,34.833954
"AVY",2001-05-18,59.700001,59.799999,58.709999,59.25,191500,34.490501
"AVY",2001-05-21,59,60.5,58.349998,60.240002,174400,35.066803
"AVY",2001-05-22,60.400002,60.400002,58.75,59.630001,233000,34.711716
"AVY",2001-05-23,59.630001,59.91,58.599998,58.889999,270500,34.280952
"AVY",2001-05-24,58.450001,58.57,57.360001,58.060001,303300,33.797798
"AVY",2001-05-25,58.099998,58.099998,57.279999,57.75,135800,33.617336
"AVY",2001-05-29,57.900002,58.259998,56.84,57,189800,33.180748
"AVY",2001-05-30,56.25,57.880001,56.25,57.200001,208500,33.297165
"AVY",2001-05-31,57.209999,59.599998,57.200001,58.48,261000,34.042294
"AVY",2001-06-01,58.48,58.950001,57.049999,58.200001,185600,33.879288
"AVY",2001-06-04,58.049999,58.299999,57.25,58.200001,137700,34.054836
"AVY",2001-06-05,58.099998,58.099998,56.200001,57.400002,516300,33.586716
"AVY",2001-06-06,57.150002,58.049999,56.68,56.93,135700,33.311703
"AVY",2001-06-07,56.400002,57.450001,55.5,56.759998,310200,33.212238
"AVY",2001-06-08,56.509998,57.060001,56.200001,56.799999,176000,33.235641
"AVY",2001-06-11,57.049999,57.049999,55.98,56.25,182800,32.913811
"AVY",2001-06-12,56.099998,56.200001,54.700001,55.560001,178400,32.510067
"AVY",2001-06-13,55.75,56.650002,55.720001,55.990002,187800,32.761681
"AVY",2001-06-14,55.75,55.75,54.759998,55.220001,228200,32.311134
"AVY",2001-06-15,55.220001,55.75,54.75,54.919998,279900,32.135586
"AVY",2001-06-18,54.700001,54.75,53.700001,54.099998,215100,31.655769
"AVY",2001-06-19,54.349998,54.349998,53.299999,54,179100,31.597258
"AVY",2001-06-20,54.25,55.099998,53.349998,54.720001,213500,32.018566
"AVY",2001-06-21,48.5,49.25,47.700001,48.880001,1880700,28.601374
"AVY",2001-06-22,48.950001,50.709999,48.549999,50.509998,1235600,29.555155
"AVY",2001-06-25,50.25,51,49.700001,50.349998,557900,29.461519
"AVY",2001-06-26,50.349998,52,50.349998,51.349998,519500,30.046648
"AVY",2001-06-27,51.349998,52.150002,51,51.66,374300,30.228045
"AVY",2001-06-28,51.799999,51.900002,51.150002,51.299999,577800,30.017399
"AVY",2001-06-29,51.049999,51.549999,50.700001,51.049999,366700,29.871107
"AVY",2001-07-02,51.049999,52.150002,50.799999,51.75,619300,30.280716
"AVY",2001-07-03,51.740002,51.740002,51.18,51.23,307100,29.976442
"AVY",2001-07-05,51.200001,52.279999,51.200001,51.299999,318600,30.017399
"AVY",2001-07-06,51.220001,51.220001,49.700001,49.799999,223400,29.139709
"AVY",2001-07-09,49.810001,50.799999,49.810001,50.310001,269200,29.438114
"AVY",2001-07-10,50.389999,51.049999,50.09,50.09,378300,29.309383
"AVY",2001-07-11,50.200001,51.299999,50.049999,50.52,255700,29.560999
"AVY",2001-07-12,50.32,50.830002,49.75,50.400002,265100,29.490788
"AVY",2001-07-13,50.450001,50.950001,50,50.700001,171700,29.666327
"AVY",2001-07-16,50.689999,51.099998,50.150002,50.43,111200,29.508339
"AVY",2001-07-17,50.599998,51.25,50.450001,51.049999,179100,29.871107
"AVY",2001-07-18,50.849998,52,50.630001,50.849998,191800,29.754089
"AVY",2001-07-19,51.099998,52.349998,51.099998,51.549999,235300,30.163694
"AVY",2001-07-20,51.299999,51.400002,50.48,50.720001,120000,29.678028
"AVY",2001-07-23,50.849998,51.099998,49.27,49.849998,195500,29.168951
"AVY",2001-07-24,50,50,47.610001,48.75,522900,28.525301
"AVY",2001-07-25,48.950001,51.25,48.400002,51.25,306500,29.988142
"AVY",2001-07-26,51,51.32,50.119999,51.110001,210200,29.906231
"AVY",2001-07-27,51.009998,51.799999,50.700001,51.07,164100,29.882809
"AVY",2001-07-30,50.900002,50.919998,50.549999,50.779999,142800,29.713137
"AVY",2001-07-31,50.779999,52.099998,50.759998,51.259998,207700,29.99399
"AVY",2001-08-01,51.349998,51.599998,50.759998,51.049999,180200,29.871107
"AVY",2001-08-02,50.799999,51.5,50.799999,51.27,233600,29.999844
"AVY",2001-08-03,51.450001,51.799999,50.950001,51.299999,125800,30.017399
"AVY",2001-08-06,51.5,51.52,50.799999,50.810001,131200,29.730692
"AVY",2001-08-07,50.990002,50.990002,50.400002,50.68,217800,29.654613
"AVY",2001-08-08,50.5,51,49.869999,49.93,116200,29.215771
"AVY",2001-08-09,49.5,50.07,49.200001,49.349998,181200,28.876381
"AVY",2001-08-10,49.349998,50,48.849998,49.77,234000,29.122156
"AVY",2001-08-13,49.799999,50.25,48.75,49.450001,304100,28.934906
"AVY",2001-08-14,49.189999,50.400002,49.189999,49.889999,241700,29.192362
"AVY",2001-08-15,50.099998,50.75,49.799999,49.919998,137700,29.209915
"AVY",2001-08-16,49.950001,50.41,49.889999,50.220001,205300,29.385447
"AVY",2001-08-17,50.099998,50.900002,49.599998,50.5,258000,29.549292
"AVY",2001-08-20,51.700001,51.75,51.259998,51.48,295100,30.122728
"AVY",2001-08-21,51.549999,52.400002,51.450001,51.75,529700,30.280716
"AVY",2001-08-22,51.849998,51.98,51.150002,51.509998,268400,30.14028
"AVY",2001-08-23,51.549999,51.549999,50.66,51.119999,260700,29.912081
"AVY",2001-08-24,51.220001,52.5,51.220001,52.240002,124500,30.567417
"AVY",2001-08-27,52.049999,52.84,52.049999,52.23,143800,30.56159
"AVY",2001-08-28,52,52.200001,51.82,51.84,275800,30.333372
"AVY",2001-08-29,52.299999,52.5,52,52.130001,190200,30.503059
"AVY",2001-08-30,52,52.349998,50.93,51.040001,339500,29.865274
"AVY",2001-08-31,50.990002,51.799999,50.400002,51.41,162100,30.259624
"AVY",2001-09-04,51.66,52.310001,51.169998,51.209999,214500,30.141911
"AVY",2001-09-05,51.049999,51.700001,50.5,51.540001,195300,30.336142
"AVY",2001-09-06,51.299999,51.689999,50.130001,50.380001,262300,29.653366
"AVY",2001-09-07,50.5,50.5,49.73,50,382700,29.429705
"AVY",2001-09-10,50.150002,50.299999,49.240002,49.779999,339300,29.300215
"AVY",2001-09-17,47.849998,47.849998,45.400002,46.700001,394300,27.487352
"AVY",2001-09-18,46.450001,47.91,46.380001,47.02,219900,27.675694
"AVY",2001-09-19,46.799999,47.200001,45.5,46.060001,366200,27.110651
"AVY",2001-09-20,45.5,45.700001,44.599998,44.939999,428300,26.451426
"AVY",2001-09-21,44,45.5,43.25,44.389999,586900,26.127707
"AVY",2001-09-24,45.02,47.02,45.02,46.099998,305200,27.134197
"AVY",2001-09-25,46.799999,47.200001,45.790001,47.200001,420100,27.781645
"AVY",2001-09-26,46.950001,46.959999,45.150002,45.669998,460700,26.8811
"AVY",2001-09-27,45.919998,46.259998,44.75,45.299999,430200,26.663307
"AVY",2001-09-28,45.5,47.400002,45,47.310001,566300,27.846388
"AVY",2001-10-01,47.099998,47.25,46.130001,47.25,230100,27.811071
"AVY",2001-10-02,47.150002,48.369999,47.049999,48.279999,177300,28.41732
"AVY",2001-10-03,48.5,49.75,48.25,49.290001,445700,29.011808
"AVY",2001-10-04,49.400002,50.200001,49,49.299999,448900,29.017694
"AVY",2001-10-05,49.549999,49.849998,49.049999,49.57,266000,29.17662
"AVY",2001-10-08,49.650002,49.650002,48.450001,48.759998,241100,28.69985
"AVY",2001-10-09,48.700001,48.939999,48.599998,48.77,198100,28.705744
"AVY",2001-10-10,48.75,49.849998,48.450001,49.580002,305900,29.182495
"AVY",2001-10-11,49.950001,50.959999,49.59,50.560001,427100,29.759319
"AVY",2001-10-12,50.5,50.900002,49.950001,50.139999,247800,29.512115
"AVY",2001-10-15,50.139999,50.150002,49.450001,50,236700,29.429705
"AVY",2001-10-16,50,50.150002,48.900002,49.82,311700,29.323765
"AVY",2001-10-17,50.07,50.450001,49.799999,50.029999,300300,29.44735
"AVY",2001-10-18,49.25,49.599998,48.299999,48.57,329700,28.588018
"AVY",2001-10-19,48.470001,48.900002,47.200001,47.68,277700,28.064163
"AVY",2001-10-22,47.43,48.75,47.43,48.68,306000,28.652758
"AVY",2001-10-23,48.43,48.990002,47.919998,48.66,461800,28.640991
"AVY",2001-10-24,48.700001,50.099998,47.790001,49.560001,499300,29.170736
"AVY",2001-10-25,49.32,49.32,48.59,48.799999,706100,28.7234
"AVY",2001-10-26,49.049999,49.150002,48.299999,48.34,398200,28.452639
"AVY",2001-10-29,48.27,48.27,47.349998,47.450001,338300,27.928783
"AVY",2001-10-30,47,47.549999,46.59,47.09,320000,27.716898
"AVY",2001-10-31,47.099998,47.200001,46.299999,46.299999,318600,27.251905
"AVY",2001-11-01,46.32,48.060001,46.150002,47.860001,240900,28.170118
"AVY",2001-11-02,47.610001,49.110001,47.5,48.84,206000,28.746939
"AVY",2001-11-05,49.09,49.93,48.650002,49.75,394100,29.282558
"AVY",2001-11-06,50.150002,51.200001,49.799999,51.110001,419000,30.083057
"AVY",2001-11-07,50.950001,51.299999,50.529999,51.189999,204900,30.130131
"AVY",2001-11-08,51.400002,52.299999,51.049999,51.689999,494400,30.424423
"AVY",2001-11-09,51.599998,52.259998,51.16,51.599998,560300,30.371449
"AVY",2001-11-12,51.450001,51.450001,50.450001,51.009998,155700,30.024189
"AVY",2001-11-13,51.259998,53.150002,51.259998,52.560001,259900,30.936502
"AVY",2001-11-14,52.810001,53.689999,52.549999,53.360001,232300,31.407391
"AVY",2001-11-15,53,54.75,53,54.32,278800,31.972424
"AVY",2001-11-16,55,55,53.919998,54.040001,202000,31.807629
"AVY",2001-11-19,54.290001,54.799999,53.790001,54.5,169900,32.078373
"AVY",2001-11-20,54.25,54.900002,53.849998,54.099998,149100,31.842941
"AVY",2001-11-21,53.75,53.75,52.900002,53.099998,247400,31.254354
"AVY",2001-11-23,53.099998,53.810001,53,53.52,81400,31.501551
"AVY",2001-11-26,53.900002,53.900002,52.450001,53.349998,400400,31.401491
"AVY",2001-11-27,53.259998,54.299999,52.549999,53.369999,235600,31.413265
"AVY",2001-11-28,53.369999,54.200001,52.799999,53.09,173800,31.248455
"AVY",2001-11-29,53.200001,53.669998,53.07,53.43,239100,31.448589
"AVY",2001-11-30,53.650002,54.560001,53.610001,53.98,208600,31.772318
"AVY",2001-12-03,53.849998,54.360001,53.299999,54.259998,325900,32.133568
"AVY",2001-12-04,54.25,54.91,54.049999,54.66,328300,32.370441
"AVY",2001-12-05,54.66,55.950001,54.57,55.91,247500,33.110718
"AVY",2001-12-06,55.700001,56.200001,55.209999,55.700001,182900,32.986347
"AVY",2001-12-07,55.259998,55.259998,54.029999,54.5,219900,32.2757
"AVY",2001-12-10,54.700001,54.700001,53.52,53.93,183600,31.938128
"AVY",2001-12-11,53.700001,55,53.599998,54.689999,176900,32.38821
"AVY",2001-12-12,54.549999,54.549999,53.700001,54.380001,143700,32.204624
"AVY",2001-12-13,54.380001,54.450001,53.849998,54.200001,216900,32.098015
"AVY",2001-12-14,54.200001,54.349998,53.099998,53.740002,269300,31.825613
"AVY",2001-12-17,53.900002,55.240002,53.799999,55.029999,173700,32.589558
"AVY",2001-12-18,56,56.880001,55.959999,56.810001,414600,33.643696
"AVY",2001-12-19,56.700001,56.799999,55.82,56.5,231000,33.460129
"AVY",2001-12-20,56.25,57.25,55.790001,55.950001,253000,33.134407
"AVY",2001-12-21,56.049999,56.279999,55.060001,55.799999,401900,33.045574
"AVY",2001-12-24,56,56.32,55.849998,55.950001,65000,33.134407
"AVY",2001-12-26,55.959999,57,55.689999,55.779999,159900,33.033722
"AVY",2001-12-27,56,56.099998,55.139999,55.93,124400,33.122543
"AVY",2001-12-28,55.93,56.290001,55.400002,56.200001,156100,33.282467
"AVY",2001-12-31,56.049999,57.709999,56,56.529999,232700,33.477882
"AVY",2002-01-02,55.299999,57.189999,55.299999,56.830002,319500,33.655548
"AVY",2002-01-03,57.150002,57.900002,56.950001,57.59,273700,34.10564
"AVY",2002-01-04,57.799999,58.259998,57.700001,57.939999,191300,34.312904
"AVY",2002-01-07,57.75,58.27,57.200001,58.02,185600,34.360294
"AVY",2002-01-08,57.700001,57.799999,56.93,57.52,213500,34.064186
"AVY",2002-01-09,57.27,57.860001,57.040001,57.080002,173300,33.803619
"AVY",2002-01-10,57,57.25,56.139999,57.09,193600,33.809532
"AVY",2002-01-11,56.650002,56.869999,56.02,56.330002,117800,33.359455
"AVY",2002-01-14,56.450001,56.549999,55.490002,55.639999,196500,32.950813
"AVY",2002-01-15,55.650002,56.330002,54.950001,55.099998,241800,32.631023
"AVY",2002-01-16,55.099998,55.529999,54,54.02,221400,31.991428
"AVY",2002-01-17,54.400002,54.549999,53.439999,54.5,289200,32.2757
"AVY",2002-01-18,54.299999,54.939999,53.25,53.93,416000,31.938128
"AVY",2002-01-22,54.150002,54.75,53.200001,53.630001,587400,31.760479
"AVY",2002-01-23,53.630001,55.66,53.599998,55.310001,362800,32.755386
"AVY",2002-01-24,56,58.299999,55.700001,57.259998,511600,33.910206
"AVY",2002-01-25,57.009998,57.860001,56.849998,57.75,502500,34.200378
"AVY",2002-01-28,57.549999,58.75,57.5,58.18,384100,34.455059
"AVY",2002-01-29,58.349998,58.349998,57.5,58.150002,468300,34.437271
"AVY",2002-01-30,58.049999,59.790001,57.900002,59.150002,594100,35.029503
"AVY",2002-01-31,58.900002,60.09,58.799999,59.5,347100,35.236763
"AVY",2002-02-01,59.5,59.5,58.700001,58.84,342000,34.845905
"AVY",2002-02-04,59.299999,59.299999,57.400002,57.5,407700,34.052345
"AVY",2002-02-05,57.25,58.259998,56.5,58.23,517100,34.484642
"AVY",2002-02-06,57.900002,58.75,57.75,58.27,679400,34.508335
"AVY",2002-02-07,58.25,58.73,57.810001,58.689999,372900,34.757061
"AVY",2002-02-08,58.939999,60.099998,58.540001,60.099998,507100,35.592094
"AVY",2002-02-11,59.950001,60.650002,58.849998,59.75,541700,35.384819
"AVY",2002-02-12,59.900002,60.900002,59.25,60.580002,398000,35.876366
"AVY",2002-02-13,60.700001,61.580002,60.700001,61.23,274600,36.261288
"AVY",2002-02-14,61,61.720001,60.610001,61.720001,386800,36.551472
"AVY",2002-02-15,61.720001,63.599998,61.720001,62.459999,497500,36.989719
"AVY",2002-02-19,62.209999,62.34,59.93,60.119999,294400,35.603947
"AVY",2002-02-20,60.16,60.630001,59.75,60.5,348800,35.828987
"AVY",2002-02-21,60.5,61.48,60.279999,60.57,315400,35.87043
"AVY",2002-02-22,60.349998,61.849998,60.299999,61.52,520100,36.433041
"AVY",2002-02-25,61.509998,63.279999,61.509998,63.110001,479300,37.374664
"AVY",2002-02-26,63.5,64.199997,62.82,62.970001,530800,37.291756
"AVY",2002-02-27,63.099998,63.740002,62.299999,62.93,498000,37.268063
"AVY",2002-02-28,63.029999,64.550003,63.029999,64,500100,37.90173
"AVY",2002-03-01,63.75,64.239998,62.860001,63.189999,406600,37.422039
"AVY",2002-03-04,63.200001,63.75,63.02,63.720001,572400,37.934029
"AVY",2002-03-05,63.73,63.73,62.689999,62.950001,407800,37.475613
"AVY",2002-03-06,62.849998,63.41,62.700001,63,626700,37.505386
"AVY",2002-03-07,63,63.139999,62.200001,62.990002,603200,37.499424
"AVY",2002-03-08,63,63.18,62.110001,62.849998,346600,37.416084
"AVY",2002-03-11,62.799999,62.900002,62.200001,62.5,286000,37.207718
"AVY",2002-03-12,62.200001,62.200001,60.98,61.23,678500,36.45166
"AVY",2002-03-13,60.75,60.790001,58.450001,58.900002,1055000,35.064537
"AVY",2002-03-14,59.150002,59.299999,58.599998,58.98,606400,35.112175
"AVY",2002-03-15,59,61.389999,59,60.849998,832600,36.22543
"AVY",2002-03-18,61.099998,62.34,60.950001,61.68,818900,36.719559
"AVY",2002-03-19,61.75,62.080002,61.610001,61.860001,445300,36.82671
"AVY",2002-03-20,62.049999,62.220001,61.650002,61.880001,594400,36.838619
"AVY",2002-03-21,61.75,61.75,59.889999,60.490002,344900,36.011116
"AVY",2002-03-22,60.599998,61.400002,60.599998,61.060001,782100,36.350468
"AVY",2002-03-25,61.16,61.200001,60.700001,60.900002,408500,36.255199
"AVY",2002-03-26,60.650002,61.799999,60.5,61.189999,421100,36.427834
"AVY",2002-03-27,61.189999,62.029999,61.049999,61.639999,394600,36.695728
"AVY",2002-03-28,61.889999,62,60.900002,61.029999,262100,36.332584
"AVY",2002-04-01,61.029999,61.099998,60.099998,60.610001,303000,36.082565
"AVY",2002-04-02,60.610001,60.720001,59.650002,60.540001,256500,36.040882
"AVY",2002-04-03,60.549999,61,60.200001,60.459999,423300,35.993256
"AVY",2002-04-04,60.459999,60.459999,58.389999,59.639999,474100,35.505096
"AVY",2002-04-05,61.5,61.91,61.299999,61.610001,674800,36.677887
"AVY",2002-04-08,61.610001,62.18,61.029999,61.939999,412900,36.874344
"AVY",2002-04-09,62.189999,63,61.720001,62.52,530000,37.219627
"AVY",2002-04-10,63.099998,64.989998,62.919998,64.639999,688500,38.481709
"AVY",2002-04-11,64.5,64.889999,64.110001,64.110001,349800,38.166187
"AVY",2002-04-12,64.360001,64.809998,63.619999,64.589996,250800,38.451954
"AVY",2002-04-15,64.550003,64.760002,63.619999,64.639999,393500,38.481709
"AVY",2002-04-16,64.800003,65.349998,64.599998,65.019997,317200,38.707939
"AVY",2002-04-17,64.800003,65.150002,64.199997,64.300003,225000,38.279312
"AVY",2002-04-18,64.309998,64.849998,63.650002,63.849998,234200,38.011402
"AVY",2002-04-19,63.950001,64.970001,63.950001,64.400002,221700,38.33884
"AVY",2002-04-22,64.150002,64.25,62.209999,62.25,319700,37.058887
"AVY",2002-04-23,62.5,64.349998,61.919998,64.050003,545800,38.130474
"AVY",2002-04-24,64.300003,65.5,64.300003,64.559998,358200,38.434078
"AVY",2002-04-25,64.559998,65,63.490002,63.970001,542800,38.082848
"AVY",2002-04-26,64.220001,65.150002,63.799999,64.410004,432400,38.34478
"AVY",2002-04-29,64.410004,64.410004,63.700001,64,369600,38.1007
"AVY",2002-04-30,63.950001,64.419998,63.400002,64.050003,581500,38.130474
"AVY",2002-05-01,64.239998,65.699997,63.299999,65.470001,489400,38.975819
"AVY",2002-05-02,65.720001,67.019997,65.510002,66.940002,512400,39.850967
"AVY",2002-05-03,67.449997,67.900002,67,67.110001,475000,39.952156
"AVY",2002-05-06,67.360001,67.699997,66.379997,66.419998,413900,39.541386
"AVY",2002-05-07,66.900002,67.610001,66.800003,67.129997,466300,39.964069
"AVY",2002-05-08,67.599998,67.919998,66.800003,67.089996,264500,39.94025
"AVY",2002-05-09,67.099998,68.160004,67.089996,67.360001,206900,40.100986
"AVY",2002-05-10,67.300003,67.449997,66.5,67,263300,39.886669
"AVY",2002-05-13,66.879997,67.919998,66.75,67.919998,231000,40.43438
"AVY",2002-05-14,68.300003,69.699997,68.230003,69.489998,453900,41.369019
"AVY",2002-05-15,69.239998,69.699997,68.199997,68.75,383100,40.928493
"AVY",2002-05-16,68.739998,69.019997,67.550003,67.970001,261700,40.464149
"AVY",2002-05-17,67.849998,68.57,67.25,68.57,243200,40.821327
"AVY",2002-05-20,68.470001,68.470001,66.75,67.260002,244700,40.041451
"AVY",2002-05-21,66.870003,68.110001,66.580002,66.800003,269900,39.767609
"AVY",2002-05-22,66.599998,67.599998,66.5,67.410004,362300,40.130756
"AVY",2002-05-23,67.599998,69.349998,67.349998,69.089996,522000,41.130894
"AVY",2002-05-24,69.650002,69.660004,68.519997,68.589996,388300,40.833241
"AVY",2002-05-28,68.839996,68.839996,67.599998,67.800003,403500,40.362961
"AVY",2002-05-29,67.300003,67.489998,66.300003,66.459999,336800,39.565201
"AVY",2002-05-30,66,66.050003,63.91,64.059998,687500,38.136429
"AVY",2002-05-31,64.599998,65.410004,64.209999,65.370003,744900,38.916286
"AVY",2002-06-03,65.099998,65.389999,63.900002,63.900002,401600,38.234192
"AVY",2002-06-04,63.549999,64.129997,62.950001,63.41,282800,37.940994
"AVY",2002-06-05,63.650002,63.970001,63.099998,63.580002,285500,38.042713
"AVY",2002-06-06,63.720001,64.099998,61.93,62.049999,322000,37.127251
"AVY",2002-06-07,61.650002,62.349998,61.080002,62.169998,605900,37.199062
"AVY",2002-06-10,62.150002,62.549999,61.950001,62.169998,400300,37.199062
"AVY",2002-06-11,62.5,63.450001,61.950001,62.060001,785600,37.133244
"AVY",2002-06-12,62.060001,63.799999,61.900002,63.75,673300,38.144428
"AVY",2002-06-13,64,64.379997,63.599998,63.630001,494700,38.072643
"AVY",2002-06-14,63.380001,63.689999,62.790001,63.400002,468700,37.935013
"AVY",2002-06-17,63.5,64.800003,63.5,64.760002,370500,38.74876
"AVY",2002-06-18,65,65.300003,64.730003,64.970001,346200,38.874401
"AVY",2002-06-19,64.400002,65.650002,64.25,64.75,355300,38.742786
"AVY",2002-06-20,64.75,65.739998,64.650002,65.169998,365300,38.994095
"AVY",2002-06-21,64.900002,65.690002,63.759998,63.759998,399000,38.150429
"AVY",2002-06-24,63.759998,65.150002,63.759998,65,444800,38.892353
"AVY",2002-06-25,65.5,66,64.949997,64.949997,465800,38.862442
"AVY",2002-06-26,64.599998,64.699997,62.990002,63.529999,516400,38.012787
"AVY",2002-06-27,63.450001,63.700001,62.240002,62.939999,772700,37.659771
"AVY",2002-06-28,62.939999,63.5,62.75,62.75,599500,37.546078
"AVY",2002-07-01,62.759998,63.299999,62.549999,62.610001,413500,37.462322
"AVY",2002-07-02,62.540001,62.57,60.110001,60.869999,586200,36.421196
"AVY",2002-07-03,60.869999,61.490002,59.709999,61.029999,407500,36.516933
"AVY",2002-07-05,61,63,61,62.75,167500,37.546078
"AVY",2002-07-08,62.73,62.970001,61.299999,61.529999,389100,36.816116
"AVY",2002-07-09,61.529999,62.16,60.099998,60.099998,335100,35.960472
"AVY",2002-07-10,60.150002,60.150002,58.82,58.91,524900,35.248447
"AVY",2002-07-11,58.799999,58.799999,56.200001,57.5,531800,34.404785
"AVY",2002-07-12,58.75,59.830002,57.450001,58.779999,1169400,35.17067
"AVY",2002-07-15,58.75,59.049999,55.990002,58.889999,1022400,35.236473
"AVY",2002-07-16,58.950001,59.610001,57,58.290001,766800,34.87748
"AVY",2002-07-17,58.290001,59.900002,58.169998,58.48,482600,34.991158
"AVY",2002-07-18,58.73,59.84,57.5,57.580002,555800,34.452663
"AVY",2002-07-19,57.580002,57.599998,53.5,53.799999,723100,32.19091
"AVY",2002-07-22,54.049999,54.59,52.060001,52.860001,831800,31.62845
"AVY",2002-07-23,53.099998,54.5,52.450001,53.900002,1052600,32.25074
"AVY",2002-07-24,54.099998,57.5,53.610001,57.099998,1058500,34.165455
"AVY",2002-07-25,57.349998,57.450001,54.799999,55.689999,1357300,33.321785
"AVY",2002-07-26,55.700001,56.200001,55.049999,55.639999,748800,33.29187
"AVY",2002-07-29,56.75,62.130001,56.700001,61.43,1379200,36.756283
"AVY",2002-07-30,61.43,62.080002,59.650002,61.59,967700,36.852005
"AVY",2002-07-31,61.599998,62.599998,60.400002,62.209999,702400,37.222973
"AVY",2002-08-01,61.75,63,60.48,60.599998,469300,36.259647
"AVY",2002-08-02,61,61.009998,57.82,58.68,463700,35.110832
"AVY",2002-08-05,58.68,59.299999,56.84,56.950001,400900,34.075691
"AVY",2002-08-06,57.849998,59.849998,57.849998,58.759998,432000,35.158699
"AVY",2002-08-07,59.5,60.330002,58.5,59.939999,325900,35.864731
"AVY",2002-08-08,60.450001,62.900002,59.799999,62.68,666600,37.504204
"AVY",2002-08-09,62.599998,63.450001,61.880001,62.84,475800,37.59993
"AVY",2002-08-12,61.75,63.110001,61.209999,62.740002,338700,37.540104
"AVY",2002-08-13,62.5,64.099998,62.48,62.490002,381700,37.390526
"AVY",2002-08-14,61.450001,63.400002,59.049999,63.290001,1267400,37.869202
"AVY",2002-08-15,63.200001,64.279999,62.25,64.040001,810800,38.317963
"AVY",2002-08-16,63.650002,64.150002,62.5,63.73,385600,38.132477
"AVY",2002-08-19,63.599998,65.400002,63.380001,65.230003,566900,39.02998
"AVY",2002-08-20,64.5,64.940002,64.099998,64.480003,287600,38.581223
"AVY",2002-08-21,64.400002,64.540001,63.450001,64.099998,387700,38.35384
"AVY",2002-08-22,64.150002,65.199997,63.5,65.010002,293100,38.898342
"AVY",2002-08-23,65.010002,65.010002,63.5,63.669998,241600,38.096565
"AVY",2002-08-26,63.900002,64.589996,63.029999,64.349998,236700,38.503445
"AVY",2002-08-27,64.599998,65.559998,64.349998,64.650002,470800,38.682957
"AVY",2002-08-28,64.400002,64.449997,62.599998,63.119999,301800,37.767483
"AVY",2002-08-29,62.799999,63,60.91,62.720001,638200,37.528149
"AVY",2002-08-30,62.200001,64.209999,62.099998,63.119999,548000,37.967239
"AVY",2002-09-03,62.950001,62.950001,61.049999,61.650002,599500,37.083035
"AVY",2002-09-04,61.66,63.029999,61.099998,62.91,499600,37.840919
"AVY",2002-09-05,62,62.299999,60.360001,60.5,614500,36.391296
"AVY",2002-09-06,61,62.740002,60.849998,62,501700,37.293556
"AVY",2002-09-09,62,62,60.75,61.610001,415100,37.058971
"AVY",2002-09-10,61.799999,62.290001,61.080002,62.049999,290900,37.323624
"AVY",2002-09-11,62.200001,62.849998,61.700001,61.889999,132500,37.227386
"AVY",2002-09-12,61.389999,61.880001,60.599998,60.720001,269800,36.523602
"AVY",2002-09-13,60.599998,61,59.25,60,452400,36.09053
"AVY",2002-09-16,60,60.400002,59.099998,59.91,275500,36.036407
"AVY",2002-09-17,60.299999,60.709999,59.169998,59.279999,369000,35.657455
"AVY",2002-09-18,58.5,59.09,57.599998,58.869999,501400,35.410831
"AVY",2002-09-19,58.220001,58.220001,56.619999,56.619999,499200,34.057423
"AVY",2002-09-20,56.619999,58.400002,56.619999,57.700001,564500,34.707077
"AVY",2002-09-23,57.450001,57.689999,56.25,56.849998,357800,34.195786
"AVY",2002-09-24,55.900002,56.200001,54,54.73,504300,32.920582
"AVY",2002-09-25,55.5,57.700001,55.490002,57.25,661500,34.436378
"AVY",2002-09-26,58.049999,59.700001,57.950001,59.5,659900,35.789787
"AVY",2002-09-27,59.48,59.959999,58.68,59.130001,890200,35.567204
"AVY",2002-09-30,58.950001,58.959999,56.099998,56.98,522900,34.273979
"AVY",2002-10-01,57.599998,60.75,57.599998,60.630001,620700,36.469482
"AVY",2002-10-02,60.200001,60.380001,58.549999,58.75,500300,35.338661
"AVY",2002-10-03,59,60.799999,58.5,58.650002,515000,35.278496
"AVY",2002-10-04,59.049999,59.84,56.849998,57.549999,325600,34.616837
"AVY",2002-10-07,57.650002,58.349998,55.950001,56.540001,270500,34.009296
"AVY",2002-10-08,56.52,58.529999,55.259998,57.639999,475000,34.670963
"AVY",2002-10-09,57.150002,57.450001,55.209999,55.209999,364800,33.209301
"AVY",2002-10-10,55.25,58.5,55.189999,58.119999,526900,34.959694
"AVY",2002-10-11,58.650002,61.5,58.16,59.700001,603100,35.91008
"AVY",2002-10-14,59.549999,60.950001,59.549999,60.389999,287400,36.325111
"AVY",2002-10-15,60.799999,62.400002,60.75,62.099998,633100,37.35371
"AVY",2002-10-16,61.799999,62.110001,60.450001,61.360001,462600,36.908585
"AVY",2002-10-17,62.360001,62.98,61.700001,61.889999,435900,37.227386
"AVY",2002-10-18,61.889999,62.25,60.639999,61.580002,399900,37.040916
"AVY",2002-10-21,61.330002,62.630001,60.869999,61.900002,605300,37.233395
"AVY",2002-10-22,60.900002,62.25,60,61.639999,778600,37.077003
"AVY",2002-10-23,61.639999,63.349998,61.080002,62.279999,315800,37.461979
"AVY",2002-10-24,63.150002,63.360001,61.639999,62.540001,551600,37.618378
"AVY",2002-10-25,62.950001,66,62.740002,64.959999,624400,39.074032
"AVY",2002-10-28,65.599998,66.330002,63.799999,64.410004,443100,38.743179
"AVY",2002-10-29,64.160004,64.449997,61.84,62.580002,547800,37.642429
"AVY",2002-10-30,62.830002,63.450001,62.02,62.880001,560700,37.82288
"AVY",2002-10-31,63.150002,63.700001,61.610001,62.240002,560800,37.437901
"AVY",2002-11-01,62.200001,64.25,61.599998,64.18,359900,38.604843
"AVY",2002-11-04,64.199997,64.5,63.23,63.290001,315600,38.069504
"AVY",2002-11-05,63.5,63.939999,63,63.52,436200,38.207844
"AVY",2002-11-06,63.599998,63.849998,62.450001,63.650002,454200,38.286037
"AVY",2002-11-07,63.25,63.360001,61.950001,62.23,340500,37.431889
"AVY",2002-11-08,62.349998,63,61.200001,61.360001,250500,36.908585
"AVY",2002-11-11,61.299999,61.299999,59.619999,59.709999,226900,35.916088
"AVY",2002-11-12,59.75,61.029999,59.75,60.349998,515400,36.301048
"AVY",2002-11-13,60.150002,60.650002,59.060001,59.549999,469500,35.819862
"AVY",2002-11-14,60.25,62,60.25,61.779999,424400,37.161224
"AVY",2002-11-15,61.799999,64.370003,61.610001,63.91,856800,38.442425
"AVY",2002-11-18,64.349998,64.540001,62.43,62.900002,372500,37.834915
"AVY",2002-11-19,63,63.689999,62.060001,62.889999,487400,37.828899
"AVY",2002-11-20,62.900002,63.009998,61.919998,62.869999,304100,37.816864
"AVY",2002-11-21,63.119999,66,63.110001,65.690002,1077400,39.513126
"AVY",2002-11-22,65.620003,65.800003,64.120003,64.690002,538600,38.911621
"AVY",2002-11-25,64.589996,65.449997,64.07,65.18,271400,39.206356
"AVY",2002-11-26,64.93,64.93,63.150002,63.459999,360500,38.171722
"AVY",2002-11-27,63.5,65.010002,63.490002,64.970001,236700,39.080021
"AVY",2002-11-29,65,65.25,64.43,64.440002,251500,38.761234
"AVY",2002-12-02,64.900002,64.900002,63.150002,63.610001,414600,38.476933
"AVY",2002-12-03,63.150002,63.299999,62.66,62.75,355600,37.95673
"AVY",2002-12-04,62.02,63.279999,62.009998,62.849998,496100,38.017223
"AVY",2002-12-05,63.200001,63.200001,62.540001,62.68,331200,37.914391
"AVY",2002-12-06,62.25,62.950001,62.150002,62.389999,389300,37.738976
"AVY",2002-12-09,62.200001,62.59,60.330002,60.349998,702500,36.50499
"AVY",2002-12-10,62,62.099998,60.5,61.400002,784600,37.140129
"AVY",2002-12-11,61.400002,62.450001,60.98,62.040001,324100,37.52726
"AVY",2002-12-12,62.290001,62.290001,60.599998,60.75,351500,36.746948
"AVY",2002-12-13,60.349998,60.75,59.509998,59.669998,448500,36.093689
"AVY",2002-12-16,59.950001,61.799999,59.900002,61.75,475200,37.351852
"AVY",2002-12-17,61.650002,61.880001,60.560001,60.700001,306500,36.716728
"AVY",2002-12-18,60.400002,60.549999,59.77,59.790001,461700,36.166241
"AVY",2002-12-19,59.799999,60.200001,59.25,59.310001,390900,35.875919
"AVY",2002-12-20,59.310001,60.650002,59.310001,60.25,588000,36.444511
"AVY",2002-12-23,60.169998,60.540001,59.810001,60.389999,482900,36.529182
"AVY",2002-12-24,60.41,60.59,60.200001,60.299999,109000,36.474747
"AVY",2002-12-26,60.450001,61.450001,60.450001,60.68,360800,36.704617
"AVY",2002-12-27,60.43,60.580002,59.049999,59.049999,328500,35.718636
"AVY",2002-12-30,58.950001,60.830002,58.950001,60.650002,613000,36.686466
"AVY",2002-12-31,60.900002,61.5,60.099998,61.080002,410500,36.946564
"AVY",2003-01-02,61.5,63.490002,61.169998,62.880001,546000,38.035366
"AVY",2003-01-03,62.880001,63,61.900002,62.25,318500,37.654297
"AVY",2003-01-06,62.25,63.75,62.25,63.509998,385400,38.416443
"AVY",2003-01-07,63.509998,63.650002,62.5,62.689999,425700,37.920444
"AVY",2003-01-08,62.669998,62.950001,61.540001,61.540001,561000,37.224827
"AVY",2003-01-09,61.75,63.310001,61.75,62.919998,581800,38.059559
"AVY",2003-01-10,62.049999,63.450001,61.849998,62.529999,632300,37.823658
"AVY",2003-01-13,63,63.470001,62.400002,62.950001,395300,38.077713
"AVY",2003-01-14,63,63.110001,62.27,62.650002,315100,37.896244
"AVY",2003-01-15,62.599998,62.599998,60.830002,60.830002,506500,36.795349
"AVY",2003-01-16,61.599998,62.450001,61.549999,61.799999,664900,37.382084
"AVY",2003-01-17,61.700001,62.02,61.18,61.240002,484600,37.043373
"AVY",2003-01-21,61.75,62.799999,60.810001,60.900002,642900,36.837688
"AVY",2003-01-22,60.900002,61.299999,60.099998,60.259998,454800,36.450569
"AVY",2003-01-23,60.5,61.439999,60.5,61.189999,591400,37.013096
"AVY",2003-01-24,61.200001,61.200001,60.509998,60.880001,571500,36.8256
"AVY",2003-01-27,60.889999,60.889999,59.259998,59.419998,616900,35.942448
"AVY",2003-01-28,59.419998,60.299999,58.57,59.150002,877200,35.77914
"AVY",2003-01-29,58.900002,60.25,57.400002,59.580002,667000,36.039242
"AVY",2003-01-30,59.5,59.549999,57.669998,57.669998,567200,34.883904
"AVY",2003-01-31,57.669998,60.720001,57.32,59.59,1250400,36.045284
"AVY",2003-02-03,59.59,60.419998,59.5,59.75,303400,36.142071
"AVY",2003-02-04,59.75,59.91,58.91,59.25,532400,35.839603
"AVY",2003-02-05,59.950001,60.349998,59.07,59.110001,749300,35.754951
"AVY",2003-02-06,59,59.48,58.169998,58.880001,546700,35.615814
"AVY",2003-02-07,58.889999,59.459999,58.200001,58.630001,436800,35.464603
"AVY",2003-02-10,58.849998,59.18,58.200001,59.040001,392400,35.712593
"AVY",2003-02-11,59.110001,59.299999,57.959999,58.16,308000,35.180302
"AVY",2003-02-12,58.139999,58.720001,57.400002,57.41,323700,34.726627
"AVY",2003-02-13,57.330002,57.709999,56.75,57.389999,355900,34.714523
"AVY",2003-02-14,57.400002,58.200001,56.810001,58.110001,308100,35.150047
"AVY",2003-02-18,57.959999,59.990002,57.959999,58.689999,455100,35.500893
"AVY",2003-02-19,58.209999,58.639999,57.5,57.689999,471500,34.895985
"AVY",2003-02-20,58.049999,58.049999,56.880001,56.959999,315900,34.454426
"AVY",2003-02-21,57.099998,59.200001,56.950001,58.849998,683400,35.59766
"AVY",2003-02-24,58.849998,58.849998,57.040001,57.049999,298500,34.508869
"AVY",2003-02-25,56.799999,57.77,56.360001,57.619999,419400,34.853645
"AVY",2003-02-26,57.400002,58.560001,57.150002,57.259998,306500,34.635887
"AVY",2003-02-27,57.389999,58.619999,57.32,57.720001,324500,34.914146
"AVY",2003-02-28,57.970001,58.599998,57.310001,57.400002,398000,34.720573
"AVY",2003-03-03,57.200001,57.68,56.09,56.09,552100,34.142303
"AVY",2003-03-04,56.150002,56.400002,54.630001,54.650002,496300,33.265781
"AVY",2003-03-05,54.5,54.639999,53.310001,54.16,813200,32.967518
"AVY",2003-03-06,54.110001,54.950001,53.080002,53.080002,650300,32.310112
"AVY",2003-03-07,52.099998,53.400002,52.099998,53.25,998000,32.413605
"AVY",2003-03-10,52.580002,52.889999,51.869999,51.950001,549900,31.622267
"AVY",2003-03-11,53.650002,56.16,53.5,55.009998,1564800,33.484917
"AVY",2003-03-12,55.009998,55.009998,53.830002,54.32,822800,33.064907
"AVY",2003-03-13,55.950001,57.43,55.5,57.099998,933900,34.757103
"AVY",2003-03-14,57.73,57.990002,56.900002,57.209999,637300,34.824062
"AVY",2003-03-17,57.220001,58.860001,55.5,58.560001,759800,35.645802
"AVY",2003-03-18,58.98,60.599998,58.900002,60.349998,1205700,36.735416
"AVY",2003-03-19,60.080002,60.639999,59.869999,60.619999,696300,36.89975
"AVY",2003-03-20,60.630001,60.630001,59.599998,60.240002,549700,36.668434
"AVY",2003-03-21,60.889999,62.139999,60.200001,62.09,573500,37.794556
"AVY",2003-03-24,61,61.099998,59.900002,60.459999,766700,36.802341
"AVY",2003-03-25,61.400002,61.93,60.450001,60.900002,578300,37.070194
"AVY",2003-03-26,60.25,60.950001,59.900002,60.450001,644500,36.796246
"AVY",2003-03-27,60.299999,60.330002,59.240002,59.919998,328200,36.473652
"AVY",2003-03-28,59.5,59.77,59.16,59.52,293400,36.230167
"AVY",2003-03-31,59.52,59.52,58.049999,58.669998,349500,35.712776
"AVY",2003-04-01,58.849998,59.25,58.080002,58.959999,418600,35.889294
"AVY",2003-04-02,60.549999,61.400002,58.959999,61.07,496900,37.17366
"AVY",2003-04-03,60.700001,61,60.16,60.5,403300,36.826698
"AVY",2003-04-04,60.150002,60.290001,59.360001,60.16,781700,36.61974
"AVY",2003-04-07,61.48,62.16,59.799999,59.860001,445700,36.437138
"AVY",2003-04-08,59.759998,59.84,58.91,59.5,309800,36.218006
"AVY",2003-04-09,59.400002,60.099998,58.349998,58.490002,369700,35.603199
"AVY",2003-04-10,58.560001,58.740002,57.849998,58.709999,470500,35.73711
"AVY",2003-04-11,58.849998,59.799999,58.439999,58.810001,332400,35.797977
"AVY",2003-04-14,59.049999,60.130001,59.040001,60.130001,303700,36.601482
"AVY",2003-04-15,60.139999,60.139999,55.009998,55.939999,2475900,34.051003
"AVY",2003-04-16,55.939999,55.939999,51.799999,52.5,2365700,31.957062
"AVY",2003-04-17,52.509998,52.509998,46.25,47.830002,7039100,29.114397
"AVY",2003-04-21,47.84,50.459999,47.84,50.34,1833700,30.642246
"AVY",2003-04-22,50.349998,51.34,49.299999,50.439999,2325100,30.703127
"AVY",2003-04-23,50.939999,53.07,50.549999,52.360001,1850900,31.871822
"AVY",2003-04-24,52.349998,53.349998,52.25,53.029999,1122700,32.279675
"AVY",2003-04-25,53.029999,53.52,52.709999,53.299999,1206900,32.444019
"AVY",2003-04-28,53.299999,53.779999,53.189999,53.34,651700,32.468365
"AVY",2003-04-29,53.09,53.360001,52.799999,53.02,801300,32.27359
"AVY",2003-04-30,52.77,53.48,52.599998,53.009998,677200,32.26749
"AVY",2003-05-01,52.799999,52.82,51.900002,52.240002,710700,31.798796
"AVY",2003-05-02,52,52.549999,51.849998,52.240002,875500,31.798796
"AVY",2003-05-05,52.900002,53.099998,52.049999,52.470001,350100,31.938807
"AVY",2003-05-06,52.75,53.189999,52.450001,53.16,725600,32.358803
"AVY",2003-05-07,51.75,53.040001,51.490002,52.560001,1329800,31.99358
"AVY",2003-05-08,52,52.75,51.5,52,943200,31.6527
"AVY",2003-05-09,52.299999,53.400002,52.290001,53.099998,659900,32.322277
"AVY",2003-05-12,53.299999,53.490002,52.599998,53.279999,651700,32.431839
"AVY",2003-05-13,53.299999,53.84,52.919998,53.5,722200,32.56575
"AVY",2003-05-14,53.5,53.759998,53.25,53.73,517700,32.705765
"AVY",2003-05-15,53.779999,54.16,53.700001,54.040001,407300,32.894463
"AVY",2003-05-16,54.049999,54.25,53.709999,54.080002,586400,32.918812
"AVY",2003-05-19,53.869999,53.869999,53.25,53.25,634900,32.413605
"AVY",2003-05-20,53.5,53.700001,52.599998,52.849998,653300,32.170094
"AVY",2003-05-21,52.849998,53.040001,52.299999,52.849998,719100,32.170094
"AVY",2003-05-22,53.02,53.689999,52.32,53.43,609300,32.523155
"AVY",2003-05-23,53.43,53.740002,52.75,53.07,461200,32.30402
"AVY",2003-05-27,52.549999,54.380001,52.400002,54.349998,416300,33.083157
"AVY",2003-05-28,54.349998,54.950001,54.299999,54.849998,465100,33.387524
"AVY",2003-05-29,55,55.400002,54.310001,54.869999,544500,33.399689
"AVY",2003-05-30,54.860001,55.700001,54.849998,55.48,616900,33.771008
"AVY",2003-06-02,55.470001,56.200001,55.299999,55.709999,322700,34.132477
"AVY",2003-06-03,55.849998,56.150002,55.259998,55.810001,340600,34.193741
"AVY",2003-06-04,56,56.349998,55.75,55.900002,335400,34.24889
"AVY",2003-06-05,55.900002,55.900002,54.16,54.900002,1022000,33.636211
"AVY",2003-06-06,55.299999,55.880001,54.299999,54.599998,868500,33.452389
"AVY",2003-06-09,54.439999,54.450001,53.5,53.93,315300,33.041901
"AVY",2003-06-10,54.18,54.75,53.91,54.459999,341300,33.366619
"AVY",2003-06-11,55,56.66,54.459999,56.450001,731600,34.585873
"AVY",2003-06-12,57.599998,57.610001,56.599998,57.029999,707200,34.941223
"AVY",2003-06-13,57.029999,57.029999,55.75,56.169998,290000,34.414314
"AVY",2003-06-16,56.220001,56.5,55.509998,55.810001,615300,34.193741
"AVY",2003-06-17,56.400002,56.549999,55.299999,56.080002,550100,34.359169
"AVY",2003-06-18,56.080002,56.290001,54.830002,55.099998,745700,33.758743
"AVY",2003-06-19,55.599998,55.689999,54.799999,55.049999,788800,33.728115
"AVY",2003-06-20,55.150002,55.389999,54.25,54.290001,670700,33.262478
"AVY",2003-06-23,50,51.41,49.200001,49.369999,3254300,30.248081
"AVY",2003-06-24,49.369999,50.790001,49.25,50.299999,1930000,30.817867
"AVY",2003-06-25,50.150002,50.220001,49.130001,49.130001,985800,30.101021
"AVY",2003-06-26,49,49.150002,47.389999,47.75,1836000,29.255541
"AVY",2003-06-27,47.25,48.450001,46.950001,48.450001,2106300,29.684404
"AVY",2003-06-30,48.450001,51.169998,48.450001,50.200001,1766000,30.756601
"AVY",2003-07-01,50.169998,50.650002,49.279999,50.599998,1095500,31.001677
"AVY",2003-07-02,51.200001,51.990002,50.900002,51.599998,1293500,31.614353
"AVY",2003-07-03,51.650002,52.139999,51.509998,52.099998,551200,31.9207
"AVY",2003-07-07,52.75,53.450001,52.560001,53.439999,801200,32.741699
"AVY",2003-07-08,53.439999,53.700001,52.669998,52.900002,1175600,32.410839
"AVY",2003-07-09,52.849998,53.299999,52.200001,52.82,585600,32.36182
"AVY",2003-07-10,52.27,52.380001,51.549999,51.939999,597600,31.82266
"AVY",2003-07-11,51.950001,53.200001,51.950001,52.5,435900,32.165775
"AVY",2003-07-14,53,53.040001,52.41,52.650002,474200,32.257675
"AVY",2003-07-15,52.650002,52.990002,51.830002,52.099998,352700,31.9207
"AVY",2003-07-16,53.09,53.09,51.709999,52.139999,399200,31.945213
"AVY",2003-07-17,52.139999,52.450001,51.849998,52,567700,31.859432
"AVY",2003-07-18,52.299999,52.720001,51.73,52.450001,429000,32.135132
"AVY",2003-07-21,52.549999,52.549999,51.77,52.02,613700,31.871687
"AVY",2003-07-22,52.650002,54.349998,51.650002,53.75,962700,32.931629
"AVY",2003-07-23,53.75,53.75,52.259998,52.830002,673600,32.367962
"AVY",2003-07-24,52.900002,54.040001,52.900002,53.18,646200,32.582394
"AVY",2003-07-25,53.18,53.279999,52.59,53.040001,680500,32.496635
"AVY",2003-07-28,52.540001,52.73,51.169998,51.970001,1368600,31.841055
"AVY",2003-07-29,52.349998,52.380001,51.580002,52.099998,881200,31.9207
"AVY",2003-07-30,52.349998,52.599998,52.040001,52.599998,534500,32.227036
"AVY",2003-07-31,52.950001,54.650002,52.59,53.959999,739600,33.060299
"AVY",2003-08-01,54,54.130001,53.07,53.48,337100,32.766193
"AVY",2003-08-04,53.48,53.919998,52.900002,53.650002,362800,32.870354
"AVY",2003-08-05,53.400002,53.529999,52.830002,53.080002,494500,32.521126
"AVY",2003-08-06,53.099998,53.450001,52.32,52.970001,371700,32.453732
"AVY",2003-08-07,53.099998,53.23,52.310001,53.189999,392000,32.588512
"AVY",2003-08-08,53.25,53.799999,52.990002,53.400002,373300,32.717186
"AVY",2003-08-11,53.400002,53.900002,53.25,53.68,231400,32.888741
"AVY",2003-08-12,54.080002,54.279999,53.369999,54.279999,283500,33.256355
"AVY",2003-08-13,54.5,54.619999,53.849998,54.119999,253500,33.158321
"AVY",2003-08-14,54.119999,54.799999,53.880001,54.799999,364000,33.574951
"AVY",2003-08-15,54.700001,54.900002,54.060001,54.669998,192400,33.495281
"AVY",2003-08-18,54.68,54.68,53.619999,54.169998,553100,33.188957
"AVY",2003-08-19,53.849998,54.25,53.779999,54.139999,513300,33.170567
"AVY",2003-08-20,53.900002,54.369999,53.689999,54.259998,309100,33.244083
"AVY",2003-08-21,54.400002,54.990002,54.34,54.830002,297100,33.593319
"AVY",2003-08-22,55.43,55.43,54.400002,54.529999,374600,33.409519
"AVY",2003-08-25,54.5,54.73,54.099998,54.529999,277000,33.409519
"AVY",2003-08-26,54.52,54.75,53.41,54.130001,419300,33.164444
"AVY",2003-08-27,53.950001,54.02,53.5,53.939999,237900,33.048031
"AVY",2003-08-28,54.099998,54.77,53.75,54.77,440500,33.556561
"AVY",2003-08-29,54.549999,54.759998,54,54.75,345600,33.766243
"AVY",2003-09-02,55.09,55.830002,54.509998,55.810001,428600,34.419983
"AVY",2003-09-03,56,56,55.009998,55.349998,330800,34.136288
"AVY",2003-09-04,55.419998,55.509998,54.849998,55.32,230200,34.117783
"AVY",2003-09-05,55.32,55.32,54.279999,54.830002,858400,33.815586
"AVY",2003-09-08,54.889999,55.400002,54.389999,55.150002,274800,34.012947
"AVY",2003-09-09,55.25,55.380001,54.75,54.77,376800,33.778584
"AVY",2003-09-10,54.950001,54.959999,53.450001,53.57,614800,33.038498
"AVY",2003-09-11,53.82,54.139999,53.360001,53.48,567500,32.982986
"AVY",2003-09-12,53.5,53.509998,52.84,53.099998,1235800,32.748634
"AVY",2003-09-15,53.549999,54.139999,53.470001,53.869999,404000,33.223522
"AVY",2003-09-16,54.150002,55.330002,54.150002,55.299999,670100,34.10545
"AVY",2003-09-17,55.150002,55.189999,54.689999,54.869999,326900,33.84026
"AVY",2003-09-18,53.400002,53.599998,52.060001,52.389999,2213200,32.310749
"AVY",2003-09-19,52.400002,52.630001,50.700001,51.060001,1463900,31.490492
"AVY",2003-09-22,50.049999,50.650002,49.73,49.860001,1028000,30.750412
"AVY",2003-09-23,49.900002,50.16,49.66,50,1044800,30.836765
"AVY",2003-09-24,49.950001,50.099998,49.259998,49.639999,806200,30.614748
"AVY",2003-09-25,49.639999,49.950001,48.799999,48.849998,1187800,30.127522
"AVY",2003-09-26,48.799999,49.549999,48.25,49.439999,1193600,30.491383
"AVY",2003-09-29,49.599998,50.650002,49.59,50.290001,740600,31.015614
"AVY",2003-09-30,50.150002,50.779999,49.959999,50.52,815000,31.157463
"AVY",2003-10-01,50.900002,52.279999,50.869999,52.279999,822300,32.242916
"AVY",2003-10-02,52.279999,52.990002,51.93,52.400002,864600,32.316921
"AVY",2003-10-03,52.799999,53.25,52.41,52.549999,478500,32.409431
"AVY",2003-10-06,52.560001,52.82,52.200001,52.450001,357700,32.347759
"AVY",2003-10-07,52.439999,53.099998,52.02,53.009998,584400,32.693108
"AVY",2003-10-08,53.950001,53.950001,52.689999,53.029999,944500,32.705467
"AVY",2003-10-09,53.299999,54.049999,53.290001,53.810001,540400,33.186523
"AVY",2003-10-10,53.66,53.790001,52.650002,52.77,389700,32.545116
"AVY",2003-10-13,52.950001,53.189999,52.68,52.810001,402400,32.569801
"AVY",2003-10-14,52.950001,53,52.360001,52.75,330100,32.53278
"AVY",2003-10-15,52.799999,53.669998,52.720001,53.560001,516000,33.032337
"AVY",2003-10-16,53.380001,53.549999,52.639999,52.799999,610200,32.563606
"AVY",2003-10-17,52.650002,52.799999,52.009998,52.23,390400,32.212086
"AVY",2003-10-20,52.57,52.880001,52.360001,52.5,269900,32.378586
"AVY",2003-10-21,52.459999,52.720001,50.080002,50.279999,3029400,31.009449
"AVY",2003-10-22,49.75,50.959999,49.73,50.400002,943500,31.083447
"AVY",2003-10-23,50.25,50.959999,50.200001,50.59,355200,31.200634
"AVY",2003-10-24,50.419998,50.82,50.259998,50.82,465600,31.342472
"AVY",2003-10-27,50.93,51.389999,50.73,51,408200,31.453495
"AVY",2003-10-28,50.98,51.060001,50.59,51.029999,766600,31.471998
"AVY",2003-10-29,51,51.560001,50.759998,51.490002,585900,31.755701
"AVY",2003-10-30,51.75,52.200001,51.509998,52.080002,314600,32.11956
"AVY",2003-10-31,52.580002,52.799999,52.389999,52.580002,466700,32.427937
"AVY",2003-11-03,52.639999,52.700001,52.119999,52.41,309800,32.323097
"AVY",2003-11-04,52.209999,52.23,51.610001,52.139999,306500,32.156567
"AVY",2003-11-05,51.970001,52.16,51.75,52.080002,259900,32.11956
"AVY",2003-11-06,51.939999,52.400002,51.57,52.310001,450700,32.261414
"AVY",2003-11-07,52.049999,52.139999,51.380001,51.59,552600,31.817375
"AVY",2003-11-10,50.900002,51.130001,50.599998,51,544000,31.453495
"AVY",2003-11-11,50.849998,50.98,50.450001,50.599998,402300,31.20681
"AVY",2003-11-12,50.700001,50.919998,50.290001,50.849998,483700,31.360979
"AVY",2003-11-13,50.75,51.099998,50.299999,51.049999,359700,31.484333
"AVY",2003-11-14,51.049999,51.799999,51.049999,51.240002,281700,31.601505
"AVY",2003-11-17,51.84,53.080002,51.810001,52.48,814600,32.366268
"AVY",2003-11-18,53.18,53.459999,52.099998,52.400002,532800,32.316921
"AVY",2003-11-19,52.349998,53.110001,52.25,53.110001,582900,32.754795
"AVY",2003-11-20,52.91,53.299999,52.09,52.310001,837100,32.261414
"AVY",2003-11-21,52.290001,52.349998,51.75,51.939999,466400,32.033218
"AVY",2003-11-24,52.419998,53.349998,52,53.240002,383800,32.834972
"AVY",2003-11-25,53.16,54.98,53.119999,54.82,874300,33.809414
"AVY",2003-11-26,55,55.189999,54.740002,55.049999,491400,33.951267
"AVY",2003-11-28,55.049999,55.200001,54.77,55.080002,166800,33.969776
"AVY",2003-12-01,54.790001,55.650002,54.23,55.299999,639300,34.336109
"AVY",2003-12-02,55.299999,55.540001,55.040001,55.25,376100,34.305054
"AVY",2003-12-03,55.299999,55.470001,54.970001,55.220001,363700,34.286434
"AVY",2003-12-04,55.049999,56.09,55.009998,55.919998,335800,34.721058
"AVY",2003-12-05,55.700001,55.919998,54.939999,55.16,248800,34.249184
"AVY",2003-12-08,55.23,55.66,54.82,55.599998,332900,34.522373
"AVY",2003-12-09,55.900002,56.16,55.279999,55.549999,511100,34.491352
"AVY",2003-12-10,55.450001,55.799999,55.060001,55.41,290100,34.404404
"AVY",2003-12-11,55.380001,56.209999,55.169998,56.209999,382800,34.901134
"AVY",2003-12-12,56.060001,56.330002,55.709999,56.25,220700,34.925968
"AVY",2003-12-15,56.560001,56.849998,55.810001,56,290000,34.770744
"AVY",2003-12-16,55.650002,55.669998,54.950001,55.580002,321600,34.509956
"AVY",2003-12-17,55.459999,55.459999,54.650002,54.709999,477100,33.969772
"AVY",2003-12-18,54.5,55.5,54.5,55.310001,501900,34.342323
"AVY",2003-12-19,54.700001,55.09,54.349998,54.59,798000,33.895267
"AVY",2003-12-22,54.849998,55.02,54.150002,54.310001,662800,33.721413
"AVY",2003-12-23,54.400002,54.900002,54.389999,54.849998,275800,34.056709
"AVY",2003-12-24,54.860001,54.950001,54.32,54.57,96700,33.882843
"AVY",2003-12-26,54.57,54.919998,54.5,54.709999,78400,33.969772
"AVY",2003-12-29,54.91,56.060001,54.66,55.490002,277900,34.454079
"AVY",2003-12-30,55.68,55.73,55,55.560001,244000,34.497532
"AVY",2003-12-31,55.799999,56.080002,55.630001,56.02,298500,34.78315
"AVY",2004-01-02,55.900002,56.290001,55.52,55.919998,392600,34.721058
"AVY",2004-01-05,58.82,58.82,57.400002,57.939999,1113200,35.9753
"AVY",2004-01-06,57.650002,57.860001,57.099998,57.82,513400,35.900795
"AVY",2004-01-07,57.700001,58.490002,57.34,58.200001,453300,36.136734
"AVY",2004-01-08,58.200001,58.400002,57.32,57.799999,495000,35.888386
"AVY",2004-01-09,57.650002,57.880001,56.630001,56.799999,356800,35.267471
"AVY",2004-01-12,56.700001,57.259998,56.66,56.799999,293900,35.267471
"AVY",2004-01-13,56.549999,57.07,56.200001,56.5,761400,35.081192
"AVY",2004-01-14,56.75,57.700001,56.490002,57.599998,533400,35.764183
"AVY",2004-01-15,57.619999,58.220001,57.07,58,449200,36.012554
"AVY",2004-01-16,58.599998,58.849998,58.080002,58.290001,401400,36.192616
"AVY",2004-01-20,58.23,58.299999,57.599998,57.709999,460100,35.832485
"AVY",2004-01-21,57.84,58.540001,57.52,58.220001,395100,36.149162
"AVY",2004-01-22,58.25,58.299999,57.5,57.5,347900,35.702106
"AVY",2004-01-23,57.450001,57.5,56.84,56.919998,642700,35.341976
"AVY",2004-01-26,56.93,57.200001,56.650002,57.040001,697200,35.416485
"AVY",2004-01-27,57.02,62.400002,57.02,61.189999,2011800,37.993256
"AVY",2004-01-28,62.200001,62.200001,59.049999,59.150002,1545500,36.726601
"AVY",2004-01-29,59.34,61.040001,59.330002,60,969100,37.254364
"AVY",2004-01-30,61.700001,62.450001,60.400002,62.16,1004600,38.595528
"AVY",2004-02-02,62.240002,62.240002,60.82,61.099998,652100,37.937359
"AVY",2004-02-03,60.799999,62.349998,60.799999,62.349998,713100,38.713493
"AVY",2004-02-04,62.349998,63.23,61.959999,62.560001,880100,38.843884
"AVY",2004-02-05,62.810001,63.68,62.75,63.110001,577000,39.185387
"AVY",2004-02-06,62.91,63.150002,61.919998,62.169998,546400,38.601738
"AVY",2004-02-09,61.919998,62.169998,61.669998,61.82,443100,38.384403
"AVY",2004-02-10,61.93,62.330002,61.419998,61.869999,401800,38.415466
"AVY",2004-02-11,61.200001,61.68,60.599998,61.25,870200,38.030499
"AVY",2004-02-12,60.900002,61.25,60.560001,60.799999,307800,37.751099
"AVY",2004-02-13,60.779999,61.43,60.400002,60.619999,314900,37.639324
"AVY",2004-02-17,60.700001,61.060001,60.34,60.799999,371300,37.751099
"AVY",2004-02-18,60.849998,61.950001,60.610001,61.049999,241600,37.9063
"AVY",2004-02-19,61.450001,62.950001,61.330002,61.48,553700,38.173306
"AVY",2004-02-20,61.73,62.299999,61.23,61.639999,312000,38.272659
"AVY",2004-02-23,61.549999,62.080002,61.419998,61.970001,362500,38.477562
"AVY",2004-02-24,61.970001,63.07,61.48,62.169998,483100,38.601738
"AVY",2004-02-25,62.32,62.32,61.549999,62.16,346500,38.595528
"AVY",2004-02-26,62.169998,63.599998,62.169998,63.099998,574100,39.179169
"AVY",2004-02-27,63.099998,63.650002,62.860001,63.369999,409900,39.346825
"AVY",2004-03-01,63.259998,63.950001,63.119999,63.84,434400,39.871456
"AVY",2004-03-02,63.790001,64.949997,63.689999,64.5,857700,40.283653
"AVY",2004-03-03,64.050003,64.050003,63.18,63.560001,503500,39.696571
"AVY",2004-03-04,63.560001,63.77,63.02,63.509998,279300,39.66534
"AVY",2004-03-05,63.52,64.279999,63.200001,63.5,344900,39.659088
"AVY",2004-03-08,63.310001,63.66,62.720001,62.720001,287200,39.17194
"AVY",2004-03-09,62.669998,62.700001,61.169998,61.5,497800,38.410004
"AVY",2004-03-10,61.650002,61.880001,60.98,61,487800,38.097725
"AVY",2004-03-11,60.970001,62.200001,60.57,60.75,444300,37.941582
"AVY",2004-03-12,60.759998,61.610001,60.709999,61.310001,360800,38.291332
"AVY",2004-03-15,61.060001,61.200001,60.5,60.740002,442200,37.935352
"AVY",2004-03-16,61.099998,61.84,60.099998,60.689999,670200,37.90411
"AVY",2004-03-17,60.619999,61.400002,60.450001,60.900002,1010600,38.035263
"AVY",2004-03-18,61.049999,62.400002,60.990002,62.209999,857400,38.853424
"AVY",2004-03-19,62.32,62.84,61.919998,62.009998,439700,38.728508
"AVY",2004-03-22,62.009998,62.009998,61,61.299999,314000,38.285076
"AVY",2004-03-23,61.369999,62,61.07,61.380001,454000,38.335045
"AVY",2004-03-24,61.25,61.779999,60.82,61.119999,492000,38.172665
"AVY",2004-03-25,61.119999,61.970001,61,61.75,403300,38.566132
"AVY",2004-03-26,61.650002,61.91,61.240002,61.380001,347300,38.335045
"AVY",2004-03-29,61.470001,62.560001,61.459999,61.849998,364400,38.628597
"AVY",2004-03-30,61.650002,62.279999,61.5,62.080002,294600,38.772243
"AVY",2004-03-31,61.950001,62.310001,61.669998,62.209999,281100,38.853424
"AVY",2004-04-01,62.209999,63.400002,61.959999,63.040001,449500,39.371796
"AVY",2004-04-02,63.299999,63.43,62.91,63.220001,356800,39.484222
"AVY",2004-04-05,63.27,63.740002,62.799999,63.529999,237400,39.677849
"AVY",2004-04-06,63.529999,63.529999,62.48,62.990002,300200,39.34058
"AVY",2004-04-07,63.16,63.349998,61.790001,62.439999,428400,38.997074
"AVY",2004-04-08,62.790001,63.299999,61.299999,61.619999,377200,38.484951
"AVY",2004-04-12,62,62.259998,61.970001,62.16,283500,38.822201
"AVY",2004-04-13,62.349998,62.400002,61.779999,61.880001,299500,38.647335
"AVY",2004-04-14,61.630001,63.41,61.619999,62.709999,444100,39.165699
"AVY",2004-04-15,62.91,63.240002,62.18,62.75,275200,39.190689
"AVY",2004-04-16,63.200001,63.84,62.900002,63.400002,311900,39.596661
"AVY",2004-04-19,63.349998,63.619999,63.009998,63.349998,168000,39.565418
"AVY",2004-04-20,63.450001,64.459999,61.959999,61.959999,643000,38.697285
"AVY",2004-04-21,62.299999,62.75,61.5,62.5,333500,39.034546
"AVY",2004-04-22,62.700001,64.970001,62.560001,64.389999,505500,40.214947
"AVY",2004-04-23,64.75,65.32,63.650002,64.940002,437500,40.558449
"AVY",2004-04-26,64.849998,65.330002,64.550003,64.860001,397600,40.508488
"AVY",2004-04-27,65,65.68,64.540001,64.769997,275000,40.452274
"AVY",2004-04-28,64.779999,64.779999,64.169998,64.18,255900,40.083797
"AVY",2004-04-29,64.080002,64.599998,63.060001,63.419998,334900,39.609135
"AVY",2004-04-30,63.82,64.489998,63.049999,64.230003,401600,40.115013
"AVY",2004-05-03,64.239998,64.25,63,63.419998,488600,39.609135
"AVY",2004-05-04,63.57,63.75,63.009998,63.139999,353300,39.434258
"AVY",2004-05-05,62.959999,63.119999,62.419998,62.900002,533100,39.284359
"AVY",2004-05-06,62.799999,62.959999,61.990002,62.66,240300,39.134487
"AVY",2004-05-07,62.549999,62.860001,61.150002,61.310001,571400,38.291332
"AVY",2004-05-10,61,61,59.32,59.939999,899100,37.435699
"AVY",2004-05-11,59.939999,60.599998,59.900002,60.360001,597600,37.69799
"AVY",2004-05-12,60,60.450001,59.200001,60.34,498500,37.68552
"AVY",2004-05-13,60.09,60.889999,60.09,60.189999,255200,37.591824
"AVY",2004-05-14,60,60.400002,59.43,60.009998,342200,37.479404
"AVY",2004-05-17,59.759998,59.93,59.369999,59.759998,481900,37.323273
"AVY",2004-05-18,59.919998,61,59.919998,60.27,615400,37.641785
"AVY",2004-05-19,60.900002,60.990002,59.799999,60.009998,478200,37.479404
"AVY",2004-05-20,59.950001,60,58.959999,59.040001,561000,36.873581
"AVY",2004-05-21,59.400002,60.34,59.360001,59.869999,370300,37.391972
"AVY",2004-05-24,60,60.68,59.75,60.029999,247100,37.491898
"AVY",2004-05-25,60.099998,61.049999,59.52,60.740002,430100,37.935352
"AVY",2004-05-26,60.139999,60.450001,59.5,60.209999,414900,37.604321
"AVY",2004-05-27,60.290001,60.349998,59.060001,59.599998,719300,37.223347
"AVY",2004-05-28,59.349998,59.389999,58.75,59.040001,553500,37.103924
"AVY",2004-06-01,59.040001,59.169998,58.27,58.630001,589200,36.846264
"AVY",2004-06-02,58.98,59.25,58.52,58.950001,620400,37.047382
"AVY",2004-06-03,58.900002,59.759998,58.599998,59.290001,785700,37.261051
"AVY",2004-06-04,59.450001,59.849998,58.869999,59.619999,544400,37.468437
"AVY",2004-06-07,59.619999,60.419998,59.459999,60.040001,324400,37.732391
"AVY",2004-06-08,60,60.73,60,60.669998,331500,38.128307
"AVY",2004-06-09,60.599998,60.869999,60.150002,60.23,309300,37.851799
"AVY",2004-06-10,60.25,60.509998,59.950001,60.009998,237300,37.713539
"AVY",2004-06-14,60.400002,60.490002,59.950001,60.099998,271900,37.770096
"AVY",2004-06-15,60.299999,60.650002,60.049999,60.209999,272900,37.839237
"AVY",2004-06-16,60.349998,60.560001,59.810001,60.400002,289500,37.958614
"AVY",2004-06-17,60.380001,60.91,60.349998,60.880001,318600,38.260296
"AVY",2004-06-18,60.5,61.299999,60.290001,61.099998,319300,38.39856
"AVY",2004-06-21,61,62.349998,60.799999,61.900002,507900,38.90131
"AVY",2004-06-22,62.099998,62.73,61.849998,62.599998,418500,39.341244
"AVY",2004-06-23,62.599998,63.369999,62.220001,63.259998,414900,39.756001
"AVY",2004-06-24,63.150002,63.400002,62.779999,62.810001,278100,39.473206
"AVY",2004-06-25,62.740002,63.52,62.700001,63.52,451400,39.919403
"AVY",2004-06-28,63.52,64.400002,63.52,64.400002,737800,40.472466
"AVY",2004-06-29,64.400002,64.480003,64.099998,64.290001,446600,40.403324
"AVY",2004-06-30,64.239998,64.339996,63.830002,64.010002,518800,40.227367
"AVY",2004-07-01,64.019997,64.239998,63.650002,63.990002,471800,40.21479
"AVY",2004-07-02,64.07,64.169998,63.299999,63.540001,299100,39.931969
"AVY",2004-07-06,63.360001,63.439999,62.490002,62.52,346100,39.290966
"AVY",2004-07-07,62.77,63.009998,62.310001,62.860001,348000,39.504635
"AVY",2004-07-08,62.790001,62.950001,61.73,61.779999,279000,38.825901
"AVY",2004-07-09,62.029999,62.25,61.400002,61.610001,353900,38.719059
"AVY",2004-07-12,61.610001,61.959999,61.09,61.700001,296100,38.775631
"AVY",2004-07-13,61.799999,61.98,61.450001,61.709999,303100,38.781914
"AVY",2004-07-14,61.52,62.150002,61.150002,61.200001,308800,38.461403
"AVY",2004-07-15,61.299999,61.869999,61.259998,61.540001,243600,38.675076
"AVY",2004-07-16,61.950001,62.310001,61.43,61.529999,211400,38.668785
"AVY",2004-07-19,61.529999,62.060001,61.369999,61.689999,189200,38.769329
"AVY",2004-07-20,61,61.09,59.619999,61.060001,908400,38.373425
"AVY",2004-07-21,61.060001,61.57,59.860001,59.950001,390300,37.675842
"AVY",2004-07-22,59.950001,60.380001,59.43,60.16,312300,37.8078
"AVY",2004-07-23,60,60.150002,59.380001,59.990002,340800,37.700962
"AVY",2004-07-26,60,60.209999,59.48,59.880001,392200,37.631836
"AVY",2004-07-27,59.950001,61.060001,59.900002,61.049999,342000,38.367123
"AVY",2004-07-28,61.009998,61.009998,59.869999,60.759998,257000,38.184868
"AVY",2004-07-29,60.790001,61.049999,60.419998,60.82,216200,38.222584
"AVY",2004-07-30,60.75,60.900002,60.349998,60.57,214700,38.065468
"AVY",2004-08-02,60.450001,60.830002,59.75,60.700001,205100,38.147167
"AVY",2004-08-03,60.509998,60.509998,59.950001,60.23,266400,37.851799
"AVY",2004-08-04,60.200001,61.080002,59.950001,60.77,207100,38.191158
"AVY",2004-08-05,60.720001,60.779999,59.549999,59.639999,229500,37.48101
"AVY",2004-08-06,59.650002,59.650002,58.509998,58.810001,373900,36.959381
"AVY",2004-08-09,58.68,59.049999,58.560001,58.560001,164700,36.802277
"AVY",2004-08-10,58.57,59.09,58.32,59.080002,311100,37.129086
"AVY",2004-08-11,59.080002,59.580002,58.57,59.419998,219400,37.342739
"AVY",2004-08-12,59.200001,59.43,58.720001,59.27,431100,37.248493
"AVY",2004-08-13,59.27,59.52,58.889999,59.369999,256300,37.311329
"AVY",2004-08-16,59.369999,60.900002,59.369999,60.599998,362600,38.08432
"AVY",2004-08-17,60.610001,60.959999,60.380001,60.540001,235900,38.046612
"AVY",2004-08-18,60.509998,60.700001,60.209999,60.59,282300,38.078018
"AVY",2004-08-19,60.5,60.5,60,60.23,158500,37.851799
"AVY",2004-08-20,60.25,60.560001,59.880001,60.400002,287200,37.958614
"AVY",2004-08-23,60.5,60.59,60.040001,60.240002,189900,37.85807
"AVY",2004-08-24,60.220001,60.93,60.220001,60.740002,217300,38.17231
"AVY",2004-08-25,60.82,61.759998,60.450001,61.490002,168300,38.64365
"AVY",2004-08-26,61.490002,62.259998,61.450001,62.220001,272800,39.102417
"AVY",2004-08-27,62.279999,62.490002,62.029999,62.27,150000,39.13385
"AVY",2004-08-30,61.889999,62.259998,61.700001,61.880001,195100,39.121197
"AVY",2004-08-31,61.950001,62.349998,61.77,62.150002,318900,39.291885
"AVY",2004-09-01,62,62.57,61.959999,62.18,181600,39.310856
"AVY",2004-09-02,62.049999,62.799999,61.970001,62.73,146100,39.658577
"AVY",2004-09-03,62.73,63.290001,62.700001,62.880001,166000,39.75341
"AVY",2004-09-07,63.080002,63.75,63.080002,63.57,168900,40.189636
"AVY",2004-09-08,63.419998,63.470001,62.5,62.5,320500,39.513157
"AVY",2004-09-09,62.509998,62.900002,61.900002,62.009998,341300,39.203369
"AVY",2004-09-10,62.09,62.23,61.799999,62.18,403900,39.310856
"AVY",2004-09-13,62.18,62.669998,61.939999,62.630001,262600,39.595356
"AVY",2004-09-14,62.799999,62.919998,62.220001,62.900002,269000,39.766056
"AVY",2004-09-15,62.900002,63.130001,62.610001,62.880001,268400,39.75341
"AVY",2004-09-16,62.950001,63.380001,62.66,63.369999,229400,40.063194
"AVY",2004-09-17,63.490002,63.900002,63.330002,63.709999,264100,40.278137
"AVY",2004-09-20,63.709999,64,63.34,63.650002,216100,40.240208
"AVY",2004-09-21,63.650002,63.68,62.959999,63.549999,230400,40.176987
"AVY",2004-09-22,63.560001,64.209999,63.459999,63.869999,517200,40.379299
"AVY",2004-09-23,63.869999,63.869999,63.119999,63.18,206600,39.943069
"AVY",2004-09-24,63.099998,63.59,62.799999,63.25,229600,39.987335
"AVY",2004-09-27,63.25,63.299999,62.650002,62.66,351300,39.614323
"AVY",2004-09-28,62.900002,63.939999,62.869999,63.830002,330500,40.354008
"AVY",2004-09-29,63.900002,64.730003,63.73,64.709999,298800,40.910343
"AVY",2004-09-30,65.199997,65.800003,65.040001,65.779999,616200,41.586826
"AVY",2004-10-01,65.93,65.989998,64.510002,64.919998,506300,41.043102
"AVY",2004-10-04,66.599998,66.599998,64.519997,65,627000,41.093712
"AVY",2004-10-05,65,65,63.880001,64.5,454000,40.777588
"AVY",2004-10-06,64.650002,64.839996,64.080002,64.410004,337300,40.720695
"AVY",2004-10-07,64.199997,64.349998,63.75,63.759998,319000,40.309753
"AVY",2004-10-08,63.700001,63.779999,62.759998,63.049999,356300,39.860889
"AVY",2004-10-11,63.099998,63.799999,62.889999,63.02,203100,39.841927
"AVY",2004-10-12,62.919998,62.970001,62.25,62.759998,261200,39.677559
"AVY",2004-10-13,63.060001,63.110001,61.779999,62.139999,327800,39.285561
"AVY",2004-10-14,62.139999,62.77,62,62.27,247800,39.367756
"AVY",2004-10-15,62.52,63.919998,62.360001,63.139999,391000,39.917786
"AVY",2004-10-18,63.139999,63.139999,61.82,62.720001,443700,39.652264
"AVY",2004-10-19,61.5,61.849998,59.66,60.75,1375900,38.406803
"AVY",2004-10-20,60.650002,60.650002,59.099998,59.25,1048900,37.458485
"AVY",2004-10-21,59.330002,59.669998,58.5,59.48,703900,37.603897
"AVY",2004-10-22,59.580002,60.150002,59.400002,59.709999,492500,37.749298
"AVY",2004-10-25,59.310001,59.57,58.919998,59.23,322100,37.445847
"AVY",2004-10-26,59.23,59.82,58.889999,59.82,346700,37.818832
"AVY",2004-10-27,59.799999,60.77,59.599998,60.759998,385000,38.41312
"AVY",2004-10-28,60.5,60.700001,59.759998,60.299999,352600,38.122288
"AVY",2004-10-29,60.400002,61,60.299999,60.84,457900,38.463696
"AVY",2004-11-01,60.889999,61.25,59.650002,60.18,600900,38.046432
"AVY",2004-11-02,60.02,60.5,59.580002,59.610001,562400,37.686089
"AVY",2004-11-03,60,61.009998,60,60.810001,744600,38.444736
"AVY",2004-11-04,60.900002,61.919998,60.549999,61.889999,719800,39.127533
"AVY",2004-11-05,58,58,54.220001,54.900002,5959200,34.70837
"AVY",2004-11-08,53.5,55.57,53.5,55.18,1813400,34.885391
"AVY",2004-11-09,55.049999,56.200001,55.049999,56,1109400,35.403805
"AVY",2004-11-10,55.75,56.860001,55.610001,56.5,925400,35.71991
"AVY",2004-11-11,56.599998,57.34,56.400002,57,720600,36.036003
"AVY",2004-11-12,57,57.150002,56.380001,56.630001,791100,35.802094
"AVY",2004-11-15,56.75,57.389999,55.889999,57.09,505600,36.092899
"AVY",2004-11-16,57.09,58,56.610001,57.57,569000,36.396381
"AVY",2004-11-17,57.549999,58.02,57.439999,57.529999,396400,36.371071
"AVY",2004-11-18,57.650002,58.200001,57.110001,57.549999,345700,36.383713
"AVY",2004-11-19,57.560001,57.900002,56.900002,57.139999,300800,36.124516
"AVY",2004-11-22,57.099998,57.959999,56.959999,57.830002,386200,36.560741
"AVY",2004-11-23,57.799999,58.220001,57.259998,58.07,435100,36.712494
"AVY",2004-11-24,58.099998,58.639999,58.09,58.52,235300,36.996967
"AVY",2004-11-26,58.700001,58.75,58.41,58.509998,79900,36.990635
"AVY",2004-11-29,58.580002,59.759998,57.759998,58.48,328600,37.213371
"AVY",2004-11-30,58.23,58.66,57.700001,58.66,596100,37.327904
"AVY",2004-12-01,58.970001,59.5,58.900002,59.5,299200,37.862438
"AVY",2004-12-02,59.5,59.509998,58.860001,59.049999,448500,37.576084
"AVY",2004-12-03,59.150002,60.5,59.150002,60.450001,670900,38.466957
"AVY",2004-12-06,60.25,60.740002,60.139999,60.619999,608600,38.575142
"AVY",2004-12-07,60.619999,60.619999,59.75,60.009998,765600,38.18697
"AVY",2004-12-08,60.009998,60.25,59.650002,60.119999,868600,38.256969
"AVY",2004-12-09,60,61.169998,59.790001,61.139999,535700,38.906048
"AVY",2004-12-10,62.849998,62.849998,60.380001,61.009998,422600,38.823311
"AVY",2004-12-13,61.490002,61.919998,61.209999,61.919998,605000,39.402378
"AVY",2004-12-14,61.82,61.84,61.09,61.380001,521700,39.058788
"AVY",2004-12-15,61.380001,62.459999,61.200001,62.200001,495700,39.580578
"AVY",2004-12-16,62.209999,62.209999,60.849998,61.23,611100,38.963306
"AVY",2004-12-17,61,61.810001,60.560001,60.950001,816700,38.785141
"AVY",2004-12-20,61.049999,61.130001,60.130001,60.18,488600,38.295143
"AVY",2004-12-21,60.189999,60.5,59.700001,60.349998,556100,38.403324
"AVY",2004-12-22,60.849998,60.900002,60.369999,60.619999,496200,38.575142
"AVY",2004-12-23,60.5,60.73,60.200001,60.34,236900,38.396969
"AVY",2004-12-27,60.5,60.560001,59.889999,60.259998,270800,38.346062
"AVY",2004-12-28,60.18,60.400002,59.939999,60.349998,222900,38.403324
"AVY",2004-12-29,60.34,60.400002,60.07,60.200001,185600,38.307884
"AVY",2004-12-30,60.099998,60.93,60.099998,60.720001,273300,38.638779
"AVY",2004-12-31,60.349998,60.389999,59.75,59.970001,356100,38.161518
"AVY",2005-01-03,59.720001,60.459999,59.049999,59.169998,340600,37.652458
"AVY",2005-01-04,59.110001,59.119999,58.139999,58.349998,407100,37.130638
"AVY",2005-01-05,58.349998,58.349998,57.330002,57.630001,441100,36.672478
"AVY",2005-01-06,57.73,58.34,57.470001,58.32,316300,37.111553
"AVY",2005-01-07,58.220001,58.98,58.200001,58.790001,491100,37.410648
"AVY",2005-01-10,58.549999,58.630001,57.889999,57.990002,343100,36.901562
"AVY",2005-01-11,57.990002,57.990002,57.389999,57.5,303700,36.58976
"AVY",2005-01-12,57.5,57.810001,56.849998,57.740002,252600,36.742466
"AVY",2005-01-13,57.700001,58.009998,57.220001,57.369999,222400,36.507042
"AVY",2005-01-14,57.259998,57.450001,56.799999,57.040001,338100,36.297043
"AVY",2005-01-18,57.060001,57.060001,56.610001,56.900002,581600,36.207947
"AVY",2005-01-19,57.060001,57.349998,56.650002,56.709999,255800,36.087044
"AVY",2005-01-20,56.650002,57.720001,56.529999,57.419998,471100,36.538837
"AVY",2005-01-21,57.5,58.07,57.27,57.689999,555300,36.710648
"AVY",2005-01-24,57.099998,57.470001,56.099998,56.099998,540800,35.698879
"AVY",2005-01-25,59.5,61.02,59.099998,61.02,2010300,38.829674
"AVY",2005-01-26,60.849998,61.880001,59.560001,59.970001,1185000,38.161518
"AVY",2005-01-27,59.970001,60.23,59.599998,59.810001,923900,38.059708
"AVY",2005-01-28,59.849998,60.139999,59.529999,59.759998,5e+05,38.027889
"AVY",2005-01-31,60,60.540001,59.82,60.09,358800,38.237877
"AVY",2005-02-01,59.950001,59.990002,59.450001,59.889999,534500,38.110607
"AVY",2005-02-02,59.970001,60.439999,59.91,60.299999,432100,38.371517
"AVY",2005-02-03,60.25,60.25,59.310001,59.599998,404200,37.926075
"AVY",2005-02-04,59.380001,60.650002,59.380001,60.57,469600,38.543324
"AVY",2005-02-07,60.32,60.700001,60.27,60.509998,187300,38.50515
"AVY",2005-02-08,60.5,60.68,60.139999,60.360001,242700,38.409698
"AVY",2005-02-09,60.459999,60.849998,59.720001,59.73,220000,38.008793
"AVY",2005-02-10,59.830002,60.139999,59.459999,59.849998,255600,38.085148
"AVY",2005-02-11,59.869999,60.709999,59.860001,60.529999,335000,38.517876
"AVY",2005-02-14,60.48,60.549999,60.259998,60.360001,258600,38.409698
"AVY",2005-02-15,60.639999,61.450001,60.349998,61.009998,343900,38.823311
"AVY",2005-02-16,60.849998,60.98,60.279999,60.529999,204900,38.517876
"AVY",2005-02-17,60.509998,60.799999,59.860001,59.91,334100,38.123348
"AVY",2005-02-18,59.700001,59.830002,59.34,59.669998,375600,37.970619
"AVY",2005-02-22,59.669998,59.669998,58.349998,58.639999,311400,37.315197
"AVY",2005-02-23,58.889999,59.279999,58.830002,59.150002,386900,37.639721
"AVY",2005-02-24,59.400002,60.529999,59.349998,60.529999,360100,38.517876
"AVY",2005-02-25,60.290001,60.540001,59.93,60.490002,297400,38.492413
"AVY",2005-02-28,60.080002,60.700001,59.599998,60.700001,463700,38.870235
"AVY",2005-03-01,60.77,61.130001,60.07,60.200001,346900,38.550056
"AVY",2005-03-02,60.099998,60.200001,59.490002,59.580002,226400,38.15303
"AVY",2005-03-03,59.650002,59.919998,59.119999,59.630001,222300,38.18504
"AVY",2005-03-04,60.049999,60.689999,59.43,60.610001,281500,38.812611
"AVY",2005-03-07,60.459999,60.700001,59.950001,60.119999,226200,38.498825
"AVY",2005-03-08,59.799999,59.860001,59.220001,59.330002,209300,37.992928
"AVY",2005-03-09,59.41,59.869999,59.09,59.25,270200,37.941708
"AVY",2005-03-10,60.950001,61.860001,60.57,61.830002,916800,39.593853
"AVY",2005-03-11,62,63.259998,61.950001,62.529999,746800,40.042114
"AVY",2005-03-14,62.68,63.580002,61.619999,62.16,762200,39.805176
"AVY",2005-03-15,62.310001,62.360001,61.25,61.43,415200,39.337704
"AVY",2005-03-16,61.400002,61.48,60.099998,60.450001,352700,38.710133
"AVY",2005-03-17,60.549999,61.25,60.310001,61.119999,476400,39.139194
"AVY",2005-03-18,61.25,62.400002,61.25,62.25,1060400,39.862812
"AVY",2005-03-21,61.849998,62.369999,61.799999,61.799999,527200,39.574646
"AVY",2005-03-22,61.950001,62.220001,61.119999,61.139999,387200,39.152008
"AVY",2005-03-23,61.16,61.549999,60.720001,60.75,563900,38.90226
"AVY",2005-03-24,61.049999,61.07,60.41,60.48,539100,38.729347
"AVY",2005-03-28,60.830002,61.610001,60.75,61.299999,356100,39.254463
"AVY",2005-03-29,60.900002,61.5,60.529999,60.619999,605500,38.819008
"AVY",2005-03-30,60.700001,61.169998,60.599998,61.040001,598500,39.087959
"AVY",2005-03-31,61.189999,61.950001,61.189999,61.93,354400,39.657887
"AVY",2005-04-01,62.029999,62.5,61.599998,61.91,555500,39.645081
"AVY",2005-04-04,61.900002,61.900002,60.959999,61.48,360800,39.36972
"AVY",2005-04-05,61.490002,61.490002,60.950001,61.209999,357500,39.196823
"AVY",2005-04-06,61.220001,61.669998,61.029999,61.439999,222200,39.344112
"AVY",2005-04-07,61.299999,61.59,60.91,61.470001,305300,39.363331
"AVY",2005-04-08,61.450001,61.540001,60.950001,61.169998,335300,39.171207
"AVY",2005-04-11,61.84,61.84,60.889999,61.23,168400,39.209629
"AVY",2005-04-12,61.299999,61.5,60.41,61.360001,330200,39.292873
"AVY",2005-04-13,61.049999,61.049999,60.009998,60.110001,328500,38.492428
"AVY",2005-04-14,60.110001,60.389999,59.689999,59.880001,418600,38.345123
"AVY",2005-04-15,55,55.009998,51.25,53.009998,3720800,33.945816
"AVY",2005-04-18,53.009998,53.68,52.650002,53.540001,1464900,34.285206
"AVY",2005-04-19,53.580002,53.77,53.209999,53.599998,781000,34.323643
"AVY",2005-04-20,53.650002,53.799999,52.57,52.849998,791400,33.843365
"AVY",2005-04-21,53.099998,53.18,52.57,52.880001,573700,33.862576
"AVY",2005-04-22,52.099998,52.700001,51.810001,52.119999,981700,33.375893
"AVY",2005-04-25,52.07,52.560001,51.900002,52.470001,612200,33.600018
"AVY",2005-04-26,50.25,52.630001,49.599998,51.610001,1066900,33.049316
"AVY",2005-04-27,51.610001,52.490002,50.939999,51.950001,707900,33.267029
"AVY",2005-04-28,52.200001,52.25,51,51.349998,821800,32.882809
"AVY",2005-04-29,51.48,52.41,51.25,52.349998,664700,33.523178
"AVY",2005-05-02,52.25,52.5,51.66,52.490002,501700,33.612835
"AVY",2005-05-03,52.200001,53.099998,52.200001,52.810001,929900,33.817749
"AVY",2005-05-04,53,53.450001,52.900002,53.299999,533100,34.131535
"AVY",2005-05-05,53.200001,53.220001,52.389999,52.84,534300,33.836948
"AVY",2005-05-06,53.09,53.5,52.759998,53,479700,33.939426
"AVY",2005-05-09,53.25,53.580002,52.860001,53.509998,471500,34.265991
"AVY",2005-05-10,53.5,53.990002,52.849998,53.549999,786700,34.291626
"AVY",2005-05-11,53.700001,53.77,52.41,53.189999,384400,34.061081
"AVY",2005-05-12,53.48,53.48,51.939999,52.040001,481900,33.324665
"AVY",2005-05-13,52.200001,52.290001,51.619999,51.900002,396900,33.235012
"AVY",2005-05-16,52.049999,52.849998,51.849998,52.73,365400,33.766529
"AVY",2005-05-17,52.099998,52.509998,51.900002,52.439999,407500,33.580814
"AVY",2005-05-18,52.540001,54.119999,52.5,54.119999,519500,34.656631
"AVY",2005-05-19,54.299999,54.299999,53.75,54.110001,389100,34.650227
"AVY",2005-05-20,54.369999,54.369999,53.779999,54.110001,330000,34.650227
"AVY",2005-05-23,54.110001,54.330002,53.779999,54.040001,383300,34.605412
"AVY",2005-05-24,54.080002,54.23,53.700001,54.119999,390100,34.656631
"AVY",2005-05-25,54.18,54.18,53.02,53.150002,467100,34.035473
"AVY",2005-05-26,53.279999,53.700001,53.259998,53.5,263500,34.259583
"AVY",2005-05-27,53.380001,53.459999,52.889999,53.169998,189100,34.291828
"AVY",2005-05-31,53.169998,53.169998,52.060001,52.450001,630700,33.827488
"AVY",2005-06-01,52.66,53.110001,52.240002,53.02,431400,34.195114
"AVY",2005-06-02,52.919998,53.27,52.610001,53.099998,547600,34.246693
"AVY",2005-06-03,53.200001,53.549999,52.669998,52.849998,330100,34.085453
"AVY",2005-06-06,52.82,53,52.580002,52.84,2e+05,34.078999
"AVY",2005-06-07,53.099998,53.759998,52.84,53.75,552600,34.665913
"AVY",2005-06-08,53.799999,54.07,53.790001,54,611700,34.827145
"AVY",2005-06-09,54.060001,54.119999,53.68,53.77,534300,34.67881
"AVY",2005-06-10,53.779999,54.099998,53.5,53.619999,308800,34.582096
"AVY",2005-06-13,53.75,53.77,53.209999,53.349998,489000,34.407936
"AVY",2005-06-14,53.349998,53.759998,53.25,53.560001,281800,34.543362
"AVY",2005-06-15,53.66,53.790001,53.240002,53.73,232400,34.653023
"AVY",2005-06-16,53.779999,54.639999,53.75,54.459999,449600,35.123814
"AVY",2005-06-17,55.049999,55.049999,54.380001,54.869999,500800,35.388264
"AVY",2005-06-20,54.619999,55.209999,54.27,55.18,456900,35.588192
"AVY",2005-06-21,55.119999,55.139999,54.43,54.5,336600,35.149632
"AVY",2005-06-22,54.900002,54.990002,53.900002,53.959999,250300,34.801357
"AVY",2005-06-23,53.900002,53.939999,52.360001,52.700001,646100,33.988708
"AVY",2005-06-24,52.549999,53.23,52.299999,53.080002,775800,34.233807
"AVY",2005-06-27,53.02,53.41,52.799999,52.799999,618200,34.053207
"AVY",2005-06-28,53.150002,53.580002,53.02,53.470001,457300,34.485344
"AVY",2005-06-29,53.700001,53.740002,53.330002,53.599998,330900,34.569191
"AVY",2005-06-30,53.5,53.75,52.959999,52.959999,522000,34.156399
"AVY",2005-07-01,53.150002,53.419998,52.48,52.779999,382000,34.040325
"AVY",2005-07-05,52.450001,53.080002,52.150002,52.93,350100,34.13707
"AVY",2005-07-06,52.939999,53.099998,52.68,52.799999,366100,34.053207
"AVY",2005-07-07,52.41,53.27,52,53.189999,354200,34.304749
"AVY",2005-07-08,53.189999,54.130001,53.099998,54,510000,34.827145
"AVY",2005-07-11,54.25,54.560001,54.110001,54.529999,312600,35.168972
"AVY",2005-07-12,54.5,54.529999,53.880001,54.279999,242600,35.007744
"AVY",2005-07-13,54.529999,54.720001,53.650002,53.93,217300,34.781998
"AVY",2005-07-14,54.450001,54.639999,53.889999,54,242300,34.827145
"AVY",2005-07-15,54.099998,54.310001,53.630001,53.700001,221100,34.633678
"AVY",2005-07-18,53.759998,54.139999,53.369999,53.599998,298100,34.569191
"AVY",2005-07-19,53.759998,54.259998,53.720001,53.790001,466300,34.691708
"AVY",2005-07-20,53.75,54.790001,53.75,54.57,244800,35.194763
"AVY",2005-07-21,54.580002,54.68,53.91,54,216000,34.827145
"AVY",2005-07-22,54.099998,54.400002,53.709999,54.139999,267300,34.91745
"AVY",2005-07-25,54.119999,54.759998,54.009998,54.299999,348700,35.020645
"AVY",2005-07-26,56.75,57.599998,55.599998,56.779999,1558400,36.620113
"AVY",2005-07-27,56.689999,56.900002,55.700001,56.099998,718800,36.181545
"AVY",2005-07-28,55.700001,57.029999,55.700001,56.919998,576600,36.710392
"AVY",2005-07-29,56.75,57.139999,56.560001,56.669998,405200,36.549145
"AVY",2005-08-01,56.869999,57.380001,56.389999,56.580002,395800,36.491116
"AVY",2005-08-02,56.779999,57.110001,56.66,56.73,290200,36.587849
"AVY",2005-08-03,56.700001,57.07,56.299999,56.439999,495600,36.400818
"AVY",2005-08-04,56.27,56.400002,55.889999,56.049999,248500,36.1493
"AVY",2005-08-05,55.549999,55.75,55.220001,55.389999,334800,35.723629
"AVY",2005-08-08,55.549999,55.799999,55.349998,55.52,212300,35.807476
"AVY",2005-08-09,55.720001,56.060001,55.59,56.029999,440000,36.136387
"AVY",2005-08-10,56.25,56.549999,55.639999,55.849998,302000,36.020309
"AVY",2005-08-11,55.970001,56.130001,55.73,56,358900,36.117054
"AVY",2005-08-12,55.75,55.990002,55.119999,55.419998,187800,35.742973
"AVY",2005-08-15,55.5,55.93,55,55.849998,262300,36.020309
"AVY",2005-08-16,55.900002,56.09,54.700001,54.799999,391200,35.343113
"AVY",2005-08-17,54.91,55,54.41,54.66,232500,35.252823
"AVY",2005-08-18,54.549999,54.68,54.040001,54.040001,306200,34.852951
"AVY",2005-08-19,54.290001,54.450001,54.049999,54.299999,255900,35.020645
"AVY",2005-08-22,54.290001,54.599998,54.07,54.209999,251900,34.962585
"AVY",2005-08-23,54.209999,54.290001,53.73,53.900002,463900,34.762642
"AVY",2005-08-24,53.900002,54.380001,53.75,54,308800,34.827145
"AVY",2005-08-25,54.099998,54.189999,53.700001,54.18,255900,34.943237
"AVY",2005-08-26,54.110001,54.330002,53.630001,53.689999,404400,34.627216
"AVY",2005-08-29,53.439999,54.02,53.299999,53.939999,578300,34.788464
"AVY",2005-08-30,53.740002,53.849998,53.09,53.77,466000,34.67881
"AVY",2005-08-31,53.52,53.689999,52.75,53.439999,735900,34.465988
"AVY",2005-09-01,53.439999,53.700001,53,53.330002,780200,34.395031
"AVY",2005-09-02,53.200001,53.25,52.43,52.759998,394900,34.271614
"AVY",2005-09-06,52.75,53.25,52.740002,53.130001,351500,34.511963
"AVY",2005-09-07,53,53.490002,53,53.259998,1155200,34.596401
"AVY",2005-09-08,53.279999,53.650002,53.25,53.459999,496300,34.72633
"AVY",2005-09-09,53.709999,53.950001,53.59,53.740002,285000,34.908195
"AVY",2005-09-12,54,55.240002,53.919998,54.709999,803700,35.538303
"AVY",2005-09-13,54.75,54.84,54.130001,54.389999,581100,35.330433
"AVY",2005-09-14,54.349998,54.41,53.93,54.009998,336000,35.083588
"AVY",2005-09-15,54.400002,54.400002,53.810001,54,715900,35.077091
"AVY",2005-09-16,54.5,54.84,53.950001,54.5,1557900,35.401878
"AVY",2005-09-19,54.509998,54.700001,53.990002,54.099998,432800,35.142048
"AVY",2005-09-20,54.099998,54.099998,52.799999,52.919998,881900,34.375538
"AVY",2005-09-21,52.799999,52.93,52.57,52.700001,839500,34.232639
"AVY",2005-09-22,52.700001,53.09,52.599998,52.799999,841400,34.297592
"AVY",2005-09-23,52.900002,53,52.41,52.970001,605700,34.40802
"AVY",2005-09-26,52.900002,53.040001,51.73,51.98,577000,33.76495
"AVY",2005-09-27,52.150002,52.279999,51.700001,51.990002,302300,33.771458
"AVY",2005-09-28,52.450001,52.880001,51.869999,52.099998,265200,33.842896
"AVY",2005-09-29,51.849998,52.349998,51.400002,52.099998,397200,33.842896
"AVY",2005-09-30,52.150002,52.509998,52.09,52.389999,314200,34.031277
"AVY",2005-10-03,52.549999,52.549999,51.650002,51.84,428800,33.674007
"AVY",2005-10-04,51.98,52.240002,51.599998,51.630001,580100,33.537594
"AVY",2005-10-05,51.330002,51.330002,50.25,50.299999,527500,32.67366
"AVY",2005-10-06,50.400002,50.900002,50.349998,50.900002,892500,33.063412
"AVY",2005-10-07,50.900002,51.259998,50.779999,51.07,313800,33.173836
"AVY",2005-10-10,51.040001,51.200001,50.709999,50.939999,364900,33.089397
"AVY",2005-10-11,50.919998,51.389999,50.630001,50.75,302800,32.965958
"AVY",2005-10-12,50.759998,51.25,50.599998,50.799999,279000,32.99844
"AVY",2005-10-13,50.549999,51.07,50.549999,50.950001,324500,33.095886
"AVY",2005-10-14,51.099998,51.689999,50.540001,51.689999,328500,33.57658
"AVY",2005-10-17,51.650002,52.209999,51.650002,52.110001,392800,33.849407
"AVY",2005-10-18,52.119999,52.41,51.799999,52.139999,373100,33.868866
"AVY",2005-10-19,51.75,52.580002,51.59,52.52,357500,34.115704
"AVY",2005-10-20,52.299999,52.799999,52,52.080002,283400,33.829906
"AVY",2005-10-21,52.400002,52.84,51.669998,51.68,585500,33.57008
"AVY",2005-10-24,51.639999,52.470001,51.349998,52.360001,465700,34.011791
"AVY",2005-10-25,54,55.799999,53.990002,55.360001,1569700,35.960518
"AVY",2005-10-26,55.360001,56.139999,54.869999,55.900002,789900,36.311291
"AVY",2005-10-27,55.93,56.41,55.610001,55.75,699600,36.213844
"AVY",2005-10-28,55.580002,56.23,55.419998,56.200001,587500,36.506153
"AVY",2005-10-31,56.34,56.810001,56.049999,56.650002,427500,36.798462
"AVY",2005-11-01,56.849998,58,56.790001,57.900002,824200,37.610443
"AVY",2005-11-02,57.599998,57.990002,57.450001,57.689999,544400,37.474018
"AVY",2005-11-03,57.82,58.25,57.599998,57.759998,467700,37.519485
"AVY",2005-11-04,57.700001,57.849998,57.560001,57.849998,376900,37.577942
"AVY",2005-11-07,58,58.240002,57.529999,57.779999,435200,37.532486
"AVY",2005-11-08,57.700001,57.82,57.48,57.5,333400,37.350605
"AVY",2005-11-09,57.450001,57.950001,57.34,57.509998,338800,37.357109
"AVY",2005-11-10,57.669998,58.220001,57.169998,58.080002,324700,37.727348
"AVY",2005-11-11,58.080002,58.200001,57.709999,58.049999,183300,37.70787
"AVY",2005-11-14,58.310001,58.560001,57.799999,57.93,177300,37.629929
"AVY",2005-11-15,58.049999,58.169998,57.880001,58.049999,375500,37.70787
"AVY",2005-11-16,58.25,58.299999,57.720001,58.02,262100,37.688377
"AVY",2005-11-17,58.220001,58.48,57.639999,58.279999,491200,37.857277
"AVY",2005-11-18,58.650002,58.700001,58.130001,58.48,557600,37.98719
"AVY",2005-11-21,58.540001,59.049999,58.450001,59.040001,268600,38.350952
"AVY",2005-11-22,59.049999,59.200001,58.5,59.07,553400,38.370441
"AVY",2005-11-23,59.099998,59.48,58.990002,59.310001,403900,38.52634
"AVY",2005-11-25,59.400002,59.459999,59.07,59.439999,112300,38.610786
"AVY",2005-11-28,59.43,59.43,58.549999,58.709999,260900,38.136585
"AVY",2005-11-29,59.099998,59.779999,59.080002,59.240002,414700,38.480869
"AVY",2005-11-30,59.34,59.639999,58.700001,58.790001,322600,38.188557
"AVY",2005-12-01,58.990002,59.939999,58.990002,59.419998,485100,38.597794
"AVY",2005-12-02,59.299999,59.540001,58.860001,59.18,332000,38.441898
"AVY",2005-12-05,58.59,58.98,58.139999,58.259998,339600,38.095348
"AVY",2005-12-06,58.700001,58.889999,58.130001,58.209999,344700,38.062641
"AVY",2005-12-07,58.290001,58.290001,56.98,57.25,638400,37.434917
"AVY",2005-12-08,57.400002,57.5,56.75,56.919998,491400,37.219124
"AVY",2005-12-09,57.060001,57.509998,56.610001,57.080002,352300,37.323746
"AVY",2005-12-12,57.16,57.470001,56.52,57.060001,300100,37.310661
"AVY",2005-12-13,56.950001,57.299999,56.709999,56.779999,642100,37.12759
"AVY",2005-12-14,56.720001,57.130001,56.549999,56.889999,442100,37.199516
"AVY",2005-12-15,56.880001,57,56.349998,56.470001,435800,36.924873
"AVY",2005-12-16,56.599998,56.759998,55.84,55.869999,559800,36.532536
"AVY",2005-12-19,55.84,56.25,55.48,55.509998,390600,36.297138
"AVY",2005-12-20,55.650002,55.869999,55.32,55.560001,325300,36.329845
"AVY",2005-12-21,55.650002,56.490002,55.650002,56.080002,344200,36.669865
"AVY",2005-12-22,56.119999,56.490002,55.84,56.25,473400,36.781033
"AVY",2005-12-23,56.400002,56.889999,56.259998,56.439999,170700,36.905262
"AVY",2005-12-27,56.419998,57,56.18,56.25,337700,36.781033
"AVY",2005-12-28,56.209999,56.34,55.720001,56.07,287100,36.663322
"AVY",2005-12-29,56.330002,56.720001,56.07,56.119999,277900,36.696022
"AVY",2005-12-30,56,56,55.200001,55.27,463300,36.140205
"AVY",2006-01-03,56.220001,56.48,55.02,56.330002,551000,36.833351
"AVY",2006-01-04,56.400002,57.549999,56.279999,57.169998,694000,37.382587
"AVY",2006-01-05,57.130001,57.139999,56.669998,56.740002,437100,37.101433
"AVY",2006-01-06,57.400002,57.459999,56.849998,57.380001,528600,37.519913
"AVY",2006-01-09,57.369999,58.810001,57.009998,58.150002,581600,38.023415
"AVY",2006-01-10,57.830002,58.41,57.799999,58.400002,647800,38.186874
"AVY",2006-01-11,58.5,58.790001,58.029999,58.16,347700,38.029942
"AVY",2006-01-12,58.150002,58.43,57.860001,58.150002,313900,38.023415
"AVY",2006-01-13,58.299999,58.790001,57.950001,58.150002,328700,38.023415
"AVY",2006-01-17,57.849998,58.41,57.799999,58.049999,325100,37.958019
"AVY",2006-01-18,57.970001,58.439999,57.869999,58.099998,675700,37.990711
"AVY",2006-01-19,58.32,58.740002,58.099998,58.560001,470100,38.291515
"AVY",2006-01-20,58.560001,58.560001,57.360001,57.48,481600,37.5853
"AVY",2006-01-23,57.540001,57.77,57.150002,57.43,477000,37.552605
"AVY",2006-01-24,60,61.150002,58.950001,59.200001,1639300,38.709988
"AVY",2006-01-25,60.200001,60.25,58.900002,60.099998,1077400,39.298481
"AVY",2006-01-26,60.950001,61.380001,60.52,61.139999,1179700,39.978519
"AVY",2006-01-27,61.400002,61.400002,60.5,60.5,356800,39.560043
"AVY",2006-01-30,60.299999,60.419998,59.91,60.290001,344900,39.422714
"AVY",2006-01-31,60.150002,60.5,59.740002,59.740002,575400,39.063084
"AVY",2006-02-01,59.720001,60.389999,59.709999,60.23,438200,39.383476
"AVY",2006-02-02,60,60,58.549999,58.889999,566300,38.507286
"AVY",2006-02-03,57.43,58.91,57.43,58.5,358900,38.252266
"AVY",2006-02-06,58.549999,58.959999,58.389999,58.599998,249800,38.317661
"AVY",2006-02-07,58.400002,59,58.200001,58.25,223200,38.088787
"AVY",2006-02-08,58.619999,59.049999,58.07,59,371800,38.579216
"AVY",2006-02-09,59.009998,59.220001,58.25,58.25,389700,38.088787
"AVY",2006-02-10,58.16,59.34,58.16,59.119999,388100,38.657681
"AVY",2006-02-13,59,59.740002,58.849998,59.27,413400,38.755745
"AVY",2006-02-14,59.580002,60.459999,59.32,60.32,369800,39.442337
"AVY",2006-02-15,60.25,60.5,59.759998,60,351700,39.233097
"AVY",2006-02-16,60.099998,61.18,60.07,61.18,463900,40.004677
"AVY",2006-02-17,61,61.779999,60.759998,61.540001,443200,40.240059
"AVY",2006-02-21,61.98,62.470001,61.139999,61.139999,488400,39.978519
"AVY",2006-02-22,61.220001,61.59,60.959999,61.080002,379600,39.939301
"AVY",2006-02-23,60.950001,61.209999,60.48,60.799999,303000,39.756203
"AVY",2006-02-24,60.950001,61.040001,60.5,60.75,339500,39.723503
"AVY",2006-02-27,60.360001,60.790001,60.209999,60.549999,301000,39.848553
"AVY",2006-02-28,60.099998,60.290001,59.810001,60,554700,39.486584
"AVY",2006-03-01,59.950001,60.619999,59.849998,60.599998,406900,39.881454
"AVY",2006-03-02,60.400002,60.57,60.200001,60.509998,270500,39.822227
"AVY",2006-03-03,60.369999,60.759998,60.189999,60.5,317600,39.815655
"AVY",2006-03-06,60.630001,60.630001,59,59.349998,468900,39.058826
"AVY",2006-03-07,59.349998,60.07,59.299999,60.060001,501600,39.526104
"AVY",2006-03-08,60,60,59.09,59.599998,376000,39.223335
"AVY",2006-03-09,59.720001,60.27,59.650002,59.84,297800,39.381298
"AVY",2006-03-10,59.84,60.470001,59.68,60.220001,231200,39.631374
"AVY",2006-03-13,60.220001,60.799999,60.220001,60.630001,400500,39.901199
"AVY",2006-03-14,60.5,61,60.439999,60.950001,250500,40.111794
"AVY",2006-03-15,60.84,61.07,60.419998,60.759998,285100,39.986755
"AVY",2006-03-16,60.810001,61,60.419998,60.450001,317700,39.782734
"AVY",2006-03-17,60.220001,60.240002,58.830002,59.349998,1082400,39.058826
"AVY",2006-03-20,59.43,60,59.02,59.43,551100,39.111458
"AVY",2006-03-21,59.540001,60,59.43,59.5,376700,39.157536
"AVY",2006-03-22,59.400002,59.830002,59.389999,59.740002,231700,39.315491
"AVY",2006-03-23,59.73,59.779999,59.169998,59.220001,332900,38.973251
"AVY",2006-03-24,59.299999,60.060001,59.099998,59.830002,426200,39.37471
"AVY",2006-03-27,59.700001,60.110001,59.689999,60.060001,317700,39.526104
"AVY",2006-03-28,60.07,60.330002,59.799999,59.869999,534000,39.401035
"AVY",2006-03-29,60.049999,60.369999,59.68,60.130001,824700,39.572132
"AVY",2006-03-30,60,60.150002,58.919998,58.959999,636700,38.802158
"AVY",2006-03-31,58.599998,58.950001,58.48,58.48,927500,38.486256
"AVY",2006-04-03,58.549999,59.380001,58.5,58.68,402100,38.617889
"AVY",2006-04-04,58.740002,58.950001,58.509998,58.700001,366500,38.63105
"AVY",2006-04-05,58.700001,58.950001,58.240002,58.689999,240300,38.624458
"AVY",2006-04-06,59,59.200001,58.59,58.75,315000,38.66396
"AVY",2006-04-07,58.700001,59.139999,57.830002,57.880001,275800,38.091393
"AVY",2006-04-10,57.950001,58.400002,57.779999,58.279999,356600,38.354649
"AVY",2006-04-11,58.450001,58.59,58.099998,58.529999,693600,38.51918
"AVY",2006-04-12,58.470001,58.810001,58.169998,58.400002,389300,38.433613
"AVY",2006-04-13,58.400002,58.900002,58.34,58.720001,490300,38.644215
"AVY",2006-04-17,59.599998,59.599998,58.099998,58.130001,340500,38.255932
"AVY",2006-04-18,58.23,59.25,57.970001,59.130001,318400,38.91404
"AVY",2006-04-19,59.529999,61.939999,59.34,61.509998,1024900,40.480335
"AVY",2006-04-20,61.049999,61.889999,61.049999,61.650002,479600,40.572472
"AVY",2006-04-21,62.25,62.849998,61.529999,62.029999,566500,40.822544
"AVY",2006-04-24,61.950001,61.990002,61.560001,61.880001,497400,40.723835
"AVY",2006-04-25,61.889999,62.290001,61.23,62.099998,729700,40.86861
"AVY",2006-04-26,62.299999,63.110001,62.27,63.110001,483100,41.533318
"AVY",2006-04-27,63.09,63.540001,62.419998,62.98,804800,41.447769
"AVY",2006-04-28,62.990002,63.330002,62.380001,62.5,482900,41.131866
"AVY",2006-05-01,62.610001,62.990002,62.43,62.810001,418400,41.33588
"AVY",2006-05-02,62.77,63.18,62.490002,63.080002,556000,41.513569
"AVY",2006-05-03,62.75,63.110001,62.73,63.049999,503800,41.493832
"AVY",2006-05-04,63.049999,63.939999,63.049999,63.369999,498500,41.704411
"AVY",2006-05-05,63.799999,63.799999,63.259998,63.459999,437100,41.76366
"AVY",2006-05-08,63.52,63.66,63.23,63.369999,604500,41.704411
"AVY",2006-05-09,63.369999,63.400002,63.119999,63.299999,215300,41.65836
"AVY",2006-05-10,63.099998,63.18,62.259998,62.740002,190600,41.28981
"AVY",2006-05-11,62.610001,62.830002,62,62.25,308200,40.967335
"AVY",2006-05-12,61.889999,62.040001,60.970001,61.139999,334500,40.236835
"AVY",2006-05-15,61.029999,61.279999,60.330002,60.509998,707000,39.822227
"AVY",2006-05-16,60.43,60.59,59.93,60.139999,319500,39.578728
"AVY",2006-05-17,59.669998,59.889999,58.91,59.130001,386600,38.91404
"AVY",2006-05-18,58.5,59.599998,58.459999,59.150002,684900,38.927197
"AVY",2006-05-19,59.299999,59.73,59.049999,59.310001,364000,39.032501
"AVY",2006-05-22,59.009998,59.790001,59.009998,59.259998,406900,38.999603
"AVY",2006-05-23,59.41,59.740002,58.869999,59,470000,38.82848
"AVY",2006-05-24,58.849998,58.919998,58.009998,58.639999,863800,38.591553
"AVY",2006-05-25,58.860001,59.509998,58.73,59.360001,310200,39.065399
"AVY",2006-05-26,59.450001,59.759998,59.360001,59.5,224000,39.157536
"AVY",2006-05-30,59.240002,59.639999,58.580002,58.880001,589800,38.749493
"AVY",2006-05-31,58.990002,59.5,58.509998,59.389999,1110400,39.08514
"AVY",2006-06-01,59.330002,59.650002,58.77,59.119999,554600,38.907463
"AVY",2006-06-02,58.869999,59.290001,57.400002,58.25,1030100,38.334888
"AVY",2006-06-05,57.82,57.91,57.279999,57.360001,550700,38.003635
"AVY",2006-06-06,57.5,57.82,56.720001,56.990002,430400,37.75848
"AVY",2006-06-07,56.860001,57.060001,56.389999,56.400002,529600,37.367588
"AVY",2006-06-08,56.400002,56.529999,55.099998,56.23,866600,37.254936
"AVY",2006-06-09,56.259998,56.310001,55.560001,55.639999,379200,36.86404
"AVY",2006-06-12,55.830002,55.830002,54.950001,55.09,432300,36.499645
"AVY",2006-06-13,55.09,55.5,54.950001,55.41,752100,36.711655
"AVY",2006-06-14,55.25,55.900002,55.200001,55.900002,749600,37.036301
"AVY",2006-06-15,55.990002,58.91,55.970001,58.740002,1445400,38.91795
"AVY",2006-06-16,58.400002,58.740002,57.27,58.259998,763100,38.599918
"AVY",2006-06-19,58.299999,58.5,56.549999,57,607800,37.765114
"AVY",2006-06-20,57.099998,57.25,56.830002,56.939999,424700,37.725349
"AVY",2006-06-21,57.150002,57.889999,56.939999,57.580002,309800,38.149384
"AVY",2006-06-22,57.5,57.630001,57.080002,57.310001,237600,37.970497
"AVY",2006-06-23,57,57.84,56.549999,57.209999,350800,37.904259
"AVY",2006-06-26,57.099998,58.119999,56.98,58.119999,525500,38.507164
"AVY",2006-06-27,58.099998,58.380001,57.369999,57.48,492500,38.083118
"AVY",2006-06-28,57.509998,57.549999,56.66,57.060001,301400,37.804852
"AVY",2006-06-29,57.310001,58.400002,57.009998,58.400002,297600,38.692665
"AVY",2006-06-30,58.560001,58.790001,57.950001,58.060001,559400,38.467392
"AVY",2006-07-03,58.200001,58.349998,57.779999,58.299999,216100,38.6264
"AVY",2006-07-05,58.049999,58.169998,57.150002,57.279999,613500,37.950619
"AVY",2006-07-06,57.529999,58.110001,57.41,57.860001,290700,38.3349
"AVY",2006-07-07,57.299999,57.450001,56.799999,56.950001,757100,37.731976
"AVY",2006-07-10,57.349998,57.779999,57,57.290001,328100,37.957245
"AVY",2006-07-11,57.290001,57.869999,56.82,57.77,448300,38.275272
"AVY",2006-07-12,58,58.310001,57.439999,57.990002,625300,38.421028
"AVY",2006-07-13,58.279999,58.43,57.130001,57.380001,518700,38.016869
"AVY",2006-07-14,57.450001,57.66,56.919998,57.34,417500,37.990376
"AVY",2006-07-17,57.349998,57.580002,57.18,57.25,262600,37.930748
"AVY",2006-07-18,57.200001,57.5,56.919998,57.349998,347500,37.997013
"AVY",2006-07-19,57.599998,58.950001,57.599998,58.400002,479700,38.692665
"AVY",2006-07-20,58.310001,58.57,57.790001,57.950001,391300,38.394539
"AVY",2006-07-21,58.549999,58.549999,57.299999,57.459999,637700,38.069866
"AVY",2006-07-24,58,58.310001,57,57.799999,342600,38.295143
"AVY",2006-07-25,57.549999,58,56.380001,57.310001,435800,37.970497
"AVY",2006-07-26,57.16,58.02,56.779999,57.689999,680800,38.22226
"AVY",2006-07-27,57.799999,58.139999,57.5,57.84,543800,38.321667
"AVY",2006-07-28,58.09,59.150002,58.049999,58.919998,382800,39.037201
"AVY",2006-07-31,58.779999,58.959999,58.389999,58.630001,331900,38.845058
"AVY",2006-08-01,58.380001,58.75,58,58.099998,434800,38.493919
"AVY",2006-08-02,58.009998,58.709999,57.939999,58.360001,424400,38.666172
"AVY",2006-08-03,58.209999,59.580002,58.209999,59.470001,435500,39.401596
"AVY",2006-08-04,59.560001,60.119999,59.009998,59.32,699600,39.302212
"AVY",2006-08-07,59,59.349998,58.880001,58.970001,449000,39.070324
"AVY",2006-08-08,59.169998,59.810001,59.130001,59.240002,375300,39.249222
"AVY",2006-08-09,59.560001,59.759998,58.639999,58.75,361700,38.924572
"AVY",2006-08-10,58.84,59.549999,58.830002,59.459999,253200,39.394974
"AVY",2006-08-11,59.310001,59.48,59.049999,59.189999,212400,39.216076
"AVY",2006-08-14,59.549999,59.919998,58.919998,59.169998,315700,39.202812
"AVY",2006-08-15,59.599998,59.869999,59.349998,59.810001,250500,39.626854
"AVY",2006-08-16,60.060001,61.049999,60.049999,60.889999,342400,40.342407
"AVY",2006-08-17,60.700001,61.810001,60.470001,61.560001,648000,40.786312
"AVY",2006-08-18,61.57,61.630001,60.93,61.310001,236900,40.620674
"AVY",2006-08-21,61.240002,61.349998,60.959999,61,212400,40.415295
"AVY",2006-08-22,61.080002,61.220001,60.689999,61,195800,40.415295
"AVY",2006-08-23,61,61.34,60.82,60.959999,221300,40.388783
"AVY",2006-08-24,61.200001,61.369999,60,60.310001,253800,39.958134
"AVY",2006-08-25,59.959999,60.169998,59.799999,59.950001,166600,39.71962
"AVY",2006-08-28,59.860001,61.560001,59.860001,61.419998,417400,40.693569
"AVY",2006-08-29,61.200001,61.889999,61.139999,61.810001,229500,40.951962
"AVY",2006-08-30,61.93,62.16,61.75,61.970001,385900,41.057968
"AVY",2006-08-31,61.939999,62.110001,61.59,61.939999,389300,41.038105
"AVY",2006-09-01,61.880001,62.080002,61.5,61.799999,264400,41.204769
"AVY",2006-09-05,61.43,61.77,61.259998,61.5,254100,41.004753
"AVY",2006-09-06,61.150002,61.279999,60.689999,60.790001,324700,40.531364
"AVY",2006-09-07,60.450001,60.700001,60.32,60.360001,193200,40.244659
"AVY",2006-09-08,60.380001,61.189999,60.380001,61,143900,40.671379
"AVY",2006-09-11,60.75,60.75,58.009998,58.52,1404700,39.017849
"AVY",2006-09-12,58.25,59.549999,58.25,59.439999,599200,39.631256
"AVY",2006-09-13,59.509998,59.509998,58.939999,59.349998,369900,39.571255
"AVY",2006-09-14,58.869999,59.59,58.75,59.32,396600,39.551239
"AVY",2006-09-15,59.639999,60.139999,59.34,59.759998,1406300,39.844604
"AVY",2006-09-18,59.48,59.98,59.419998,59.779999,364800,39.857937
"AVY",2006-09-19,59.540001,59.720001,59,59.169998,301600,39.451229
"AVY",2006-09-20,58.93,59.650002,58.84,59.52,603700,39.684589
"AVY",2006-09-21,59.650002,60.029999,59.23,59.369999,382300,39.584587
"AVY",2006-09-22,59.439999,59.57,59.130001,59.349998,208900,39.571255
"AVY",2006-09-25,59.75,60.59,59.380001,60.32,390200,40.218002
"AVY",2006-09-26,60.330002,60.599998,59.889999,60.330002,467000,40.224659
"AVY",2006-09-27,60.099998,60.310001,59.830002,60.009998,541300,40.011299
"AVY",2006-09-28,59.950001,60.630001,59.799999,60.369999,311700,40.251335
"AVY",2006-09-29,60.200001,60.299999,59.599998,60.169998,313400,40.117977
"AVY",2006-10-02,60.18,60.540001,59.860001,60.099998,359000,40.071304
"AVY",2006-10-03,60.25,60.560001,59.91,60.349998,334500,40.237999
"AVY",2006-10-04,60.43,60.950001,60.27,60.939999,380500,40.631371
"AVY",2006-10-05,61.25,61.599998,60.970001,61.5,829600,41.004753
"AVY",2006-10-06,61.5,61.84,61.330002,61.810001,309700,41.211449
"AVY",2006-10-09,61.889999,62.189999,61.599998,62.169998,299700,41.451462
"AVY",2006-10-10,62.310001,62.400002,61.830002,62.310001,342000,41.544811
"AVY",2006-10-11,61.849998,62.169998,61.849998,62,254100,41.338116
"AVY",2006-10-12,62.029999,62.400002,61.549999,61.73,478400,41.158104
"AVY",2006-10-13,61.52,61.880001,61.41,61.669998,243900,41.118092
"AVY",2006-10-16,61.970001,63.060001,61.970001,62.970001,391900,41.984856
"AVY",2006-10-17,62.77,62.77,62.130001,62.279999,229000,41.524799
"AVY",2006-10-18,62.099998,62.830002,62.099998,62.290001,227400,41.531483
"AVY",2006-10-19,62.200001,62.689999,62.169998,62.689999,186300,41.798168
"AVY",2006-10-20,62.830002,63.84,62.509998,63.259998,523900,42.178219
"AVY",2006-10-23,62.98,63.470001,62.959999,63.299999,234500,42.204884
"AVY",2006-10-24,62.5,63.529999,61.57,62.169998,628400,41.451462
"AVY",2006-10-25,62.32,62.560001,61.889999,62,313600,41.338116
"AVY",2006-10-26,61.849998,62.950001,61.849998,62.580002,377600,41.724842
"AVY",2006-10-27,62.400002,63.189999,62.360001,62.869999,364400,41.918186
"AVY",2006-10-30,62.75,63.470001,62.75,63.360001,243300,42.244884
"AVY",2006-10-31,63.25,63.400002,62.84,63.139999,332200,42.098194
"AVY",2006-11-01,63.5,64.199997,63.5,63.779999,442000,42.524929
"AVY",2006-11-02,63.700001,64.449997,63.599998,64.199997,437600,42.804951
"AVY",2006-11-03,64.349998,64.519997,64.029999,64.25,268300,42.83828
"AVY",2006-11-06,64.25,64.610001,63.75,64.440002,391200,42.96497
"AVY",2006-11-07,64.529999,65.18,64.360001,65,330500,43.338352
"AVY",2006-11-08,65,66.059998,64.970001,65.860001,296300,43.911758
"AVY",2006-11-09,65.790001,65.919998,65.360001,65.389999,402900,43.598381
"AVY",2006-11-10,65.459999,66.010002,65.349998,65.639999,422100,43.765057
"AVY",2006-11-13,65.379997,66.139999,65.290001,65.739998,256600,43.831734
"AVY",2006-11-14,65.699997,66.129997,65.440002,66.129997,339400,44.091755
"AVY",2006-11-15,66.110001,66.489998,66.040001,66.160004,374900,44.111782
"AVY",2006-11-16,65.900002,67.019997,65.900002,66.790001,326700,44.531837
"AVY",2006-11-17,66.650002,66.989998,66.349998,66.910004,274800,44.611855
"AVY",2006-11-20,66.709999,67.129997,66.459999,66.809998,207500,44.545155
"AVY",2006-11-21,66.650002,67.220001,66.470001,67.099998,268100,44.738499
"AVY",2006-11-22,66.839996,67.800003,66.839996,67.510002,279000,45.01189
"AVY",2006-11-24,67.050003,68.440002,67.050003,67.940002,213700,45.298569
"AVY",2006-11-27,67.879997,67.879997,66.68,66.760002,346900,44.511818
"AVY",2006-11-28,66.510002,66.889999,66.419998,66.589996,367300,44.39846
"AVY",2006-11-29,66.639999,67.440002,66.599998,67.330002,216900,44.891869
"AVY",2006-11-30,67.410004,67.669998,67.110001,67.470001,329600,44.985207
"AVY",2006-12-01,67.220001,67.620003,66.449997,66.959999,360200,44.645161
"AVY",2006-12-04,66.970001,67.980003,66.910004,67.839996,282800,45.503735
"AVY",2006-12-05,67.639999,68.370003,67.599998,67.870003,384400,45.523846
"AVY",2006-12-06,67.910004,68.209999,67.779999,67.910004,479100,45.550674
"AVY",2006-12-07,67.82,67.989998,67.599998,67.610001,417100,45.349445
"AVY",2006-12-08,67.449997,68.440002,67.449997,68.25,244800,45.778725
"AVY",2006-12-11,68.050003,68.25,67.790001,67.870003,258700,45.523846
"AVY",2006-12-12,67.650002,67.730003,67.029999,67.419998,368400,45.222015
"AVY",2006-12-13,67.470001,68.089996,67.470001,67.919998,428000,45.557381
"AVY",2006-12-14,67.739998,68.5,67.690002,68.220001,259100,45.758602
"AVY",2006-12-15,68.099998,68.150002,67.150002,67.419998,930800,45.222015
"AVY",2006-12-18,67.730003,68.25,67.519997,67.620003,368000,45.356155
"AVY",2006-12-19,67.5,68.379997,67.300003,68.120003,380200,45.69154
"AVY",2006-12-20,68.510002,68.779999,68.260002,68.639999,317500,46.040318
"AVY",2006-12-21,68.449997,69,68.160004,68.339996,269800,45.8391
"AVY",2006-12-22,68.150002,68.459999,67.940002,67.940002,201800,45.570797
"AVY",2006-12-26,67.949997,68.779999,67.949997,68.610001,214200,46.020199
"AVY",2006-12-27,68.75,69.18,68.610001,69.110001,311400,46.355579
"AVY",2006-12-28,69.199997,69.309998,68.519997,68.519997,314700,45.959835
"AVY",2006-12-29,68.449997,68.730003,67.879997,67.93,302600,45.564098
"AVY",2007-01-03,68.470001,69.269997,67.940002,68.080002,639100,45.664715
"AVY",2007-01-04,68.120003,68.309998,67.550003,67.790001,492300,45.470184
"AVY",2007-01-05,67.800003,67.809998,67.160004,67.32,342900,45.154926
"AVY",2007-01-08,67.32,67.839996,67.080002,67.669998,807700,45.389694
"AVY",2007-01-09,67.800003,68.220001,67.470001,68.059998,311800,45.651299
"AVY",2007-01-10,67.809998,68.349998,67.470001,68.309998,285700,45.818989
"AVY",2007-01-11,68.849998,69,68.599998,68.690002,472900,46.073853
"AVY",2007-01-12,68.699997,68.989998,68.540001,68.690002,283200,46.073853
"AVY",2007-01-16,68.849998,69.040001,68.75,68.870003,332700,46.194614
"AVY",2007-01-17,68.699997,69.209999,68.599998,68.900002,250500,46.214737
"AVY",2007-01-18,69.129997,69.480003,68.07,68.220001,416000,45.758602
"AVY",2007-01-19,68.349998,69.040001,68.25,68.830002,293000,46.167767
"AVY",2007-01-22,68.779999,68.809998,68.150002,68.470001,347900,45.926273
"AVY",2007-01-23,69.900002,71.349998,68.900002,69.669998,1564600,46.731197
"AVY",2007-01-24,69.650002,69.989998,68.75,68.779999,1022400,46.134235
"AVY",2007-01-25,68.779999,69,67.57,67.650002,850800,45.376274
"AVY",2007-01-26,67.660004,68,67.110001,67.669998,654500,45.389694
"AVY",2007-01-29,67.739998,68,67.440002,67.739998,478100,45.436646
"AVY",2007-01-30,67.660004,68.040001,67.379997,67.980003,619300,45.597607
"AVY",2007-01-31,67.959999,68.540001,67.75,68.360001,431500,45.852509
"AVY",2007-02-01,68.360001,69,68.25,68.800003,1232500,46.147652
"AVY",2007-02-02,68.800003,69.010002,68.620003,68.93,428000,46.234833
"AVY",2007-02-05,69.160004,69.160004,68.150002,68.230003,528400,45.765324
"AVY",2007-02-06,68.300003,68.480003,67.980003,68,480300,45.611042
"AVY",2007-02-07,68,68.309998,67.650002,67.809998,707500,45.483601
"AVY",2007-02-08,67.839996,68.040001,67.360001,67.660004,687000,45.382999
"AVY",2007-02-09,67.75,67.900002,66.980003,67.059998,769000,44.980522
"AVY",2007-02-12,67.059998,67.330002,66.709999,66.889999,644800,44.86652
"AVY",2007-02-13,66.889999,67.709999,66.790001,67.699997,385600,45.409832
"AVY",2007-02-14,67.800003,68.900002,67.529999,68.669998,890900,46.060452
"AVY",2007-02-15,68.669998,68.980003,68.57,68.760002,403100,46.120808
"AVY",2007-02-16,68.519997,68.760002,68,68.5,268600,45.946426
"AVY",2007-02-20,68.699997,68.720001,68.419998,68.489998,460900,45.939709
"AVY",2007-02-21,68.349998,68.709999,68.339996,68.550003,654700,45.979973
"AVY",2007-02-22,68.5,68.800003,68.099998,68.309998,269400,45.818989
"AVY",2007-02-23,67.900002,68.169998,67.699997,67.940002,311400,45.570797
"AVY",2007-02-26,68.639999,68.660004,67.559998,67.610001,614500,45.349445
"AVY",2007-02-27,67.43,67.550003,65.209999,66.099998,797800,44.336605
"AVY",2007-02-28,66.199997,66.800003,65.550003,66.43,730300,44.55798
"AVY",2007-03-01,66.099998,66.610001,65.860001,66.199997,556900,44.403675
"AVY",2007-03-02,65.800003,65.870003,64.919998,64.93,502300,43.551849
"AVY",2007-03-05,64.279999,64.540001,63.779999,64.32,1270500,43.410107
"AVY",2007-03-06,64.660004,64.660004,63.959999,64.199997,876400,43.329117
"AVY",2007-03-07,63.799999,64.199997,63.360001,63.529999,604000,42.87693
"AVY",2007-03-08,64,64.540001,63.900002,64.129997,617000,43.281883
"AVY",2007-03-09,64.449997,65.239998,64.449997,64.849998,602400,43.767815
"AVY",2007-03-12,64.660004,64.949997,64.43,64.790001,806000,43.727318
"AVY",2007-03-13,64.5,64.639999,63.25,63.459999,778200,42.829704
"AVY",2007-03-14,63.459999,64.209999,62.869999,64.040001,594300,43.221142
"AVY",2007-03-15,64.040001,64.629997,63.869999,64.269997,321300,43.376362
"AVY",2007-03-16,64.400002,64.400002,63.75,64.07,719500,43.241386
"AVY",2007-03-19,64.650002,64.82,64.25,64.580002,578200,43.58559
"AVY",2007-03-20,64.480003,64.870003,64.300003,64.82,523100,43.747566
"AVY",2007-03-21,64.82,65.779999,64.540001,65.709999,567300,44.348236
"AVY",2007-03-22,64.860001,65.790001,64.860001,65.550003,1190900,44.240257
"AVY",2007-03-23,65.349998,68.239998,65.349998,66.43,1280600,44.834183
"AVY",2007-03-26,66.440002,66.5,65.559998,66.199997,573300,44.678936
"AVY",2007-03-27,66.099998,66.139999,65.32,65.57,459700,44.253757
"AVY",2007-03-28,65.360001,65.370003,64.5,64.910004,536800,43.808319
"AVY",2007-03-29,65.339996,65.550003,64,64.43,548300,43.484367
"AVY",2007-03-30,64.279999,64.75,63.650002,64.260002,704700,43.369621
"AVY",2007-04-02,64.400002,64.459999,63.959999,64.349998,391000,43.430359
"AVY",2007-04-03,64.449997,64.519997,64,64.07,526300,43.241386
"AVY",2007-04-04,64.150002,64.43,63.919998,64.199997,586100,43.329117
"AVY",2007-04-05,64.199997,64.25,63.849998,64.169998,325100,43.308872
"AVY",2007-04-09,64.260002,64.290001,63.77,64.269997,467900,43.376362
"AVY",2007-04-10,64.07,64.589996,63.849998,64.07,499100,43.241386
"AVY",2007-04-11,64.019997,64.120003,63.240002,63.43,710100,42.809444
"AVY",2007-04-12,63.240002,63.869999,63.02,63.869999,730600,43.106403
"AVY",2007-04-13,63.98,64,63.549999,63.950001,317500,43.160397
"AVY",2007-04-16,65.690002,65.690002,63.889999,64.050003,591200,43.227898
"AVY",2007-04-17,64,64.160004,63.759998,64.029999,400700,43.214394
"AVY",2007-04-18,63.98,64.279999,63.75,64.199997,657500,43.329117
"AVY",2007-04-19,63.93,64.599998,63.799999,64.43,676100,43.484367
"AVY",2007-04-20,65.099998,65.800003,64.639999,64.699997,941600,43.666576
"AVY",2007-04-23,66.440002,66.440002,64.400002,64.610001,485300,43.605827
"AVY",2007-04-24,64.800003,65.139999,64.089996,64.43,805600,43.484367
"AVY",2007-04-25,64.43,65,63.169998,64,1052300,43.194138
"AVY",2007-04-26,64,64.25,63.299999,63.43,708800,42.809444
"AVY",2007-04-27,63.279999,63.689999,63.220001,63.439999,514700,42.816189
"AVY",2007-04-30,63.5,63.5,62.18,62.200001,975000,41.979321
"AVY",2007-05-01,62.389999,62.580002,61.099998,62.279999,908500,42.033295
"AVY",2007-05-02,62.099998,62.740002,62.040001,62.459999,1938600,42.154766
"AVY",2007-05-03,63.189999,63.310001,62.349998,62.939999,1087300,42.478737
"AVY",2007-05-04,63,63.02,62.650002,62.869999,850400,42.431492
"AVY",2007-05-07,63,63.23,62.900002,63.099998,720700,42.586727
"AVY",2007-05-08,63.009998,63.009998,62.459999,62.57,639600,42.229015
"AVY",2007-05-09,62.32,64,62.220001,63.93,1009500,43.146904
"AVY",2007-05-10,63.610001,64.879997,63.130001,64,1714600,43.194138
"AVY",2007-05-11,64,64.860001,63.82,64.389999,1203300,43.457359
"AVY",2007-05-14,64.480003,64.599998,64.190002,64.5,765600,43.531601
"AVY",2007-05-15,64.449997,64.75,64.139999,64.449997,723600,43.497852
"AVY",2007-05-16,64.370003,64.699997,63.990002,64.690002,489100,43.659847
"AVY",2007-05-17,64.550003,64.599998,63.889999,64,568000,43.194138
"AVY",2007-05-18,64,64.18,63.68,64.050003,494100,43.227898
"AVY",2007-05-21,63.75,63.939999,63.02,63.740002,1101300,43.018665
"AVY",2007-05-22,63.939999,64.230003,63.360001,64.160004,470700,43.302113
"AVY",2007-05-23,64.139999,64.389999,63.939999,64.029999,656900,43.214394
"AVY",2007-05-24,63.849998,64.260002,63.119999,63.209999,760300,42.66095
"AVY",2007-05-25,63.560001,64.32,63.209999,64.220001,506500,43.342621
"AVY",2007-05-29,64.279999,64.349998,63.639999,63.919998,512100,43.140148
"AVY",2007-05-30,64,64.900002,63.52,64.690002,1311600,43.659847
"AVY",2007-05-31,65.400002,65.43,64.769997,65.269997,781100,44.051281
"AVY",2007-06-01,65,65.82,64.940002,65.419998,720100,44.152515
"AVY",2007-06-04,64.959999,65.080002,64.5,64.980003,794100,44.125366
"AVY",2007-06-05,64.839996,65.580002,64.550003,65.550003,799100,44.512417
"AVY",2007-06-06,65.400002,65.419998,64.849998,65.160004,730300,44.247581
"AVY",2007-06-07,65.110001,65.25,64.510002,64.510002,757500,43.80619
"AVY",2007-06-08,64.300003,65.650002,64.199997,65.639999,860400,44.573544
"AVY",2007-06-11,65.650002,66.099998,65.360001,65.910004,836200,44.756886
"AVY",2007-06-12,65.660004,66.300003,65.190002,65.309998,1086800,44.349438
"AVY",2007-06-13,65.459999,66.18,65.160004,66.169998,926200,44.933422
"AVY",2007-06-14,66.169998,66.559998,65.949997,66.440002,786000,45.116776
"AVY",2007-06-15,66.849998,66.980003,66.550003,66.690002,845700,45.286545
"AVY",2007-06-18,66.709999,66.830002,66.489998,66.629997,420700,45.245811
"AVY",2007-06-19,66.25,66.879997,66.010002,66.699997,544000,45.293339
"AVY",2007-06-20,66.290001,66.879997,66.290001,66.529999,964300,45.177895
"AVY",2007-06-21,66.379997,66.860001,66.220001,66.699997,862100,45.293339
"AVY",2007-06-22,66.699997,66.900002,66.18,66.419998,1003300,45.103203
"AVY",2007-06-25,66.370003,66.769997,65.839996,66.059998,523800,44.858746
"AVY",2007-06-26,66.260002,66.480003,65.300003,65.589996,866700,44.539577
"AVY",2007-06-27,65.339996,66.410004,65.32,66.370003,501700,45.069241
"AVY",2007-06-28,66.370003,66.470001,65.93,66.169998,380400,44.933422
"AVY",2007-06-29,66.379997,66.959999,66.279999,66.480003,856000,45.143951
"AVY",2007-07-02,66.779999,67.139999,66.669998,67.010002,622300,45.503853
"AVY",2007-07-03,67.309998,67.510002,67.110001,67.220001,271900,45.646461
"AVY",2007-07-05,67.099998,67.620003,66.839996,67.300003,421800,45.700771
"AVY",2007-07-06,67.120003,67.379997,66.790001,67.32,457300,45.714352
"AVY",2007-07-09,67.290001,67.57,67,67.309998,672000,45.70755
"AVY",2007-07-10,67.110001,67.589996,66.589996,66.589996,1058300,45.218636
"AVY",2007-07-11,66.5,66.910004,66.150002,66.669998,563300,45.272957
"AVY",2007-07-12,66.940002,68.110001,66.669998,68.110001,518000,46.25082
"AVY",2007-07-13,67.940002,68.43,67.75,68.330002,478000,46.400211
"AVY",2007-07-16,68.279999,68.279999,67.68,67.849998,510000,46.074238
"AVY",2007-07-17,67.989998,68.779999,67.980003,68.089996,612900,46.237236
"AVY",2007-07-18,68.019997,68.18,67.190002,67.739998,622400,45.999554
"AVY",2007-07-19,68.18,68.620003,67.879997,68.489998,509800,46.508846
"AVY",2007-07-20,68.519997,68.519997,67.32,67.720001,811700,45.985973
"AVY",2007-07-23,67.739998,68.290001,66.800003,67,796500,45.49707
"AVY",2007-07-24,66.279999,66.279999,63.240002,63.380001,2365300,43.038857
"AVY",2007-07-25,64.43,67.010002,64.43,65.980003,2328700,44.804413
"AVY",2007-07-26,65.25,65.300003,62.5,63.07,2041700,42.828346
"AVY",2007-07-27,63,63.16,62.220001,62.27,2362700,42.285099
"AVY",2007-07-30,62.18,62.57,61.599998,62.419998,1285900,42.386963
"AVY",2007-07-31,62.509998,63.080002,61.299999,61.34,1749500,41.653568
"AVY",2007-08-01,61.150002,61.98,60.299999,61.73,1512500,41.918411
"AVY",2007-08-02,62.060001,62.220001,60.869999,61.380001,1258200,41.680733
"AVY",2007-08-03,61.099998,61.130001,59.529999,59.529999,1498300,40.424461
"AVY",2007-08-06,59.900002,60.330002,59.52,60.279999,1213400,40.933758
"AVY",2007-08-07,60,60.73,59.790001,60.189999,1097200,40.872662
"AVY",2007-08-08,60.540001,60.650002,59.91,60.470001,1605000,41.06279
"AVY",2007-08-09,59.700001,60.75,59.5,59.68,1742200,40.526333
"AVY",2007-08-10,59.5,60,58.5,59.720001,1272300,40.55349
"AVY",2007-08-13,60.310001,60.310001,59.150002,59.52,1490900,40.417679
"AVY",2007-08-14,58.419998,59.41,58.169998,58.169998,871500,39.50095
"AVY",2007-08-15,57.849998,58.709999,57.73,57.93,1159500,39.337986
"AVY",2007-08-16,57.990002,58.099998,54.509998,56.799999,2165800,38.570652
"AVY",2007-08-17,58.200001,64.699997,56.029999,57.18,1253000,38.828693
"AVY",2007-08-20,57.240002,57.990002,56.91,57.759998,888400,39.222542
"AVY",2007-08-21,57.799999,58.759998,57.799999,58.360001,758200,39.629974
"AVY",2007-08-22,58.75,60.279999,58.529999,59.5,1650200,40.404099
"AVY",2007-08-23,59.5,60.25,59.27,59.900002,1497800,40.67572
"AVY",2007-08-24,60,61,60,60.82,1255900,41.300457
"AVY",2007-08-27,60.790001,60.959999,60.27,60.27,634000,40.926979
"AVY",2007-08-28,60,60.09,59.400002,59.43,989400,40.356564
"AVY",2007-08-29,59.630001,60.09,59.259998,60.080002,701500,40.797958
"AVY",2007-08-30,59.48,60.189999,59.369999,60.049999,690700,40.777588
"AVY",2007-08-31,60.27,60.380001,59.630001,59.790001,572300,40.873283
"AVY",2007-09-04,59.830002,60.459999,59.41,60.040001,504800,41.044189
"AVY",2007-09-05,59.599998,59.950001,58.98,59.66,503200,40.784405
"AVY",2007-09-06,59.669998,60,59.209999,59.849998,478400,40.914303
"AVY",2007-09-07,58.849998,59.200001,58.189999,58.389999,613800,39.916218
"AVY",2007-09-10,58.669998,58.860001,54.900002,56.369999,3157700,38.535328
"AVY",2007-09-11,56.150002,57.119999,55.860001,56.200001,1362800,38.419109
"AVY",2007-09-12,55.880001,56.619999,55.810001,56.27,1088200,38.466976
"AVY",2007-09-13,56.330002,56.549999,55.560001,55.75,804100,38.111485
"AVY",2007-09-14,54.98,55.369999,54.650002,55.310001,1237400,37.810696
"AVY",2007-09-17,55.59,56.169998,55.32,55.810001,1055100,38.1525
"AVY",2007-09-18,56.02,57.380001,55.59,57.029999,1126500,38.986515
"AVY",2007-09-19,57.549999,57.880001,57.16,57.5,1004800,39.307808
"AVY",2007-09-20,57.650002,57.650002,56.650002,56.91,747500,38.904488
"AVY",2007-09-21,57.560001,57.77,56.389999,56.389999,2816700,38.549004
"AVY",2007-09-24,56.27,57.040001,56.130001,56.419998,957900,38.569504
"AVY",2007-09-25,56.389999,56.669998,55.990002,56.09,757100,38.34391
"AVY",2007-09-26,56.650002,56.970001,56.459999,56.790001,622900,38.822445
"AVY",2007-09-27,57.049999,57.470001,56.919998,57.330002,636600,39.191601
"AVY",2007-09-28,57.09,57.759998,56.93,57.02,702500,38.979683
"AVY",2007-10-01,57.48,58.049999,57.029999,57.959999,633400,39.62228
"AVY",2007-10-02,58,58.25,57.639999,57.849998,374200,39.547066
"AVY",2007-10-03,57.75,58.509998,57.630001,57.82,777000,39.526558
"AVY",2007-10-04,57.939999,57.939999,56.73,57.279999,955100,39.157425
"AVY",2007-10-05,57.73,58.27,57.34,58.009998,610300,39.656448
"AVY",2007-10-08,58.099998,58.200001,57.630001,57.779999,359900,39.499237
"AVY",2007-10-09,57.889999,58.049999,57.490002,57.799999,854200,39.512897
"AVY",2007-10-10,57.5,57.599998,55.43,56,1695400,38.282394
"AVY",2007-10-11,56.049999,56.259998,54.990002,55.310001,1025600,37.810696
"AVY",2007-10-12,55.27,55.639999,55,55.240002,527500,37.762848
"AVY",2007-10-15,55.290001,55.59,54.540001,54.919998,752300,37.544098
"AVY",2007-10-16,54.900002,54.91,53.900002,54.119999,651500,36.9972
"AVY",2007-10-17,54.759998,55.099998,54.439999,54.939999,699500,37.557762
"AVY",2007-10-18,54.700001,55.18,54.529999,55.02,599000,37.612446
"AVY",2007-10-19,54.849998,55.540001,54.59,54.59,1055300,37.318508
"AVY",2007-10-22,54.419998,55.990002,54,55.66,916700,38.049961
"AVY",2007-10-23,59.5,59.68,57.77,59.299999,1545000,40.538322
"AVY",2007-10-24,58.900002,59.389999,56.91,57.950001,1169700,39.615437
"AVY",2007-10-25,58.299999,58.650002,57.52,57.73,1082400,39.465042
"AVY",2007-10-26,57.91,58.889999,57.57,57.91,644700,39.588104
"AVY",2007-10-29,57.919998,58.240002,57.439999,57.5,729500,39.307808
"AVY",2007-10-30,57.459999,57.75,57.240002,57.240002,1125800,39.130077
"AVY",2007-10-31,57.540001,57.900002,57.060001,57.900002,688000,39.581261
"AVY",2007-11-01,57.380001,57.599998,55.93,56.040001,724400,38.309742
"AVY",2007-11-02,56.099998,57.080002,55.5,56.669998,780600,38.740417
"AVY",2007-11-05,56.48,56.57,55.77,56.27,975500,38.466976
"AVY",2007-11-06,56.720001,57.310001,55.779999,57.16,950600,39.07539
"AVY",2007-11-07,56.369999,56.93,55.52,55.52,849600,37.954266
"AVY",2007-11-08,55.5,55.959999,54.919998,55.849998,738900,38.179852
"AVY",2007-11-09,54.93,55.59,54.650002,54.650002,690200,37.359512
"AVY",2007-11-12,54.439999,55.639999,54.439999,54.509998,836300,37.263813
"AVY",2007-11-13,55.009998,55.400002,54.619999,55.400002,552300,37.872208
"AVY",2007-11-14,53.75,54.060001,51,51.25,4934300,35.035229
"AVY",2007-11-15,51.060001,53.130001,50.299999,52.41,5968000,35.828213
"AVY",2007-11-16,52.68,52.830002,50.779999,51.439999,1884400,35.165112
"AVY",2007-11-19,51.080002,51.540001,50.200001,50.810001,1780300,34.734436
"AVY",2007-11-20,50.990002,51.790001,50.639999,51.150002,1279200,34.966858
"AVY",2007-11-21,51.009998,51.009998,49.700001,49.779999,1113900,34.030315
"AVY",2007-11-23,50.049999,50.5,49.82,50.5,514800,34.522514
"AVY",2007-11-26,50.5,51.529999,49.689999,49.689999,1083700,33.968784
"AVY",2007-11-27,49.849998,50.860001,49.740002,50.82,1363200,34.741268
"AVY",2007-11-28,50.939999,51.759998,50.59,51.759998,1193400,35.383862
"AVY",2007-11-29,51.490002,51.91,51.16,51.709999,1166800,35.349686
"AVY",2007-11-30,52.23,52.529999,51.75,52.110001,964100,35.623135
"AVY",2007-12-03,52.09,52.09,51.200001,51.23,615900,35.299278
"AVY",2007-12-04,50.84,51.189999,50.540001,50.98,635500,35.127029
"AVY",2007-12-05,51.349998,52.16,50.900002,52.16,1591200,35.940079
"AVY",2007-12-06,52.139999,53.119999,51.709999,53.07,691300,36.567104
"AVY",2007-12-07,53.060001,53.799999,52.779999,53,669900,36.518875
"AVY",2007-12-10,53.040001,53.189999,52.509998,52.84,615900,36.408634
"AVY",2007-12-11,52.82,53.060001,51.18,51.200001,984100,35.278618
"AVY",2007-12-12,52.25,52.830002,51,51.48,815500,35.471558
"AVY",2007-12-13,50.959999,51.369999,50.580002,51.279999,581300,35.333733
"AVY",2007-12-14,51,51.689999,50.720001,50.73,694600,34.954765
"AVY",2007-12-17,50.700001,51.060001,49.950001,49.950001,579500,34.417309
"AVY",2007-12-18,50.209999,50.900002,49.799999,50.52,881400,34.81007
"AVY",2007-12-19,50.720001,51.619999,50.189999,51.279999,967800,35.333733
"AVY",2007-12-20,51.41,51.610001,50.41,51.23,1051200,35.299278
"AVY",2007-12-21,51.669998,52.639999,51.290001,52.57,1341600,36.222595
"AVY",2007-12-24,52.099998,53.189999,52.099998,52.400002,288000,36.105457
"AVY",2007-12-26,52.25,52.93,51.830002,52.91,455700,36.456856
"AVY",2007-12-27,52.459999,52.84,52.310001,52.450001,626000,36.139904
"AVY",2007-12-28,52.91,53.959999,52.900002,53.41,637800,36.801392
"AVY",2007-12-31,53.139999,53.43,52.970001,53.139999,744400,36.615345
"AVY",2008-01-02,53.209999,53.529999,52.279999,52.459999,1258400,36.146801
"AVY",2008-01-03,52.77,52.880001,51.630001,51.73,1032300,35.643814
"AVY",2008-01-04,51.349998,51.419998,50.279999,50.380001,1086400,34.713604
"AVY",2008-01-07,50.59,51.490002,50.450001,50.889999,1381300,35.065014
"AVY",2008-01-08,50.82,51.16,48.849998,49,1411600,33.762753
"AVY",2008-01-09,49.16,49.200001,48.09,49.150002,1376700,33.866093
"AVY",2008-01-10,48.639999,50,48.110001,49.630001,896700,34.196823
"AVY",2008-01-11,49.299999,49.52,48.360001,48.5,827500,33.418213
"AVY",2008-01-14,48.689999,49.299999,48.450001,49.25,1057400,33.93499
"AVY",2008-01-15,48.59,49.23,48.23,48.349998,846500,33.314865
"AVY",2008-01-16,47.93,48.32,47.5,47.610001,1010900,32.804974
"AVY",2008-01-17,47.66,47.900002,46.169998,46.169998,972900,31.812752
"AVY",2008-01-18,46.169998,46.759998,45.150002,46.259998,1433000,31.874779
"AVY",2008-01-22,44.990002,46.299999,44.77,45.66,1370600,31.461372
"AVY",2008-01-23,45,46.48,44.060001,46.450001,1767800,32.005703
"AVY",2008-01-24,46.419998,46.759998,45.5,45.919998,895000,31.640512
"AVY",2008-01-25,46.450001,46.560001,45.580002,46.139999,859500,31.792089
"AVY",2008-01-28,46.549999,47.48,45.68,47.48,1477900,32.715405
"AVY",2008-01-29,50.049999,51.990002,49.25,51.290001,1900200,35.34063
"AVY",2008-01-30,51.360001,52.75,51.18,51.490002,1318800,35.478436
"AVY",2008-01-31,51,52.18,50.66,51.75,1756600,35.657585
"AVY",2008-02-01,51.740002,52.75,51.650002,52.73,787500,36.332844
"AVY",2008-02-04,52.84,52.950001,52.02,52.130001,505200,35.919415
"AVY",2008-02-05,51.389999,52.080002,50.549999,50.549999,759600,34.830738
"AVY",2008-02-06,50.759998,51.189999,50.130001,50.330002,1593400,34.679161
"AVY",2008-02-07,50.200001,50.990002,49.889999,50.57,786300,34.844517
"AVY",2008-02-08,50.25,51.110001,49.84,50.16,671300,34.562019
"AVY",2008-02-11,50.209999,50.32,49.5,50.139999,1004200,34.548237
"AVY",2008-02-12,50.349998,51,50.02,50.540001,1695600,34.823856
"AVY",2008-02-13,51.16,51.360001,50.77,51.259998,1193100,35.31995
"AVY",2008-02-14,51.279999,51.919998,51.009998,51.330002,1153500,35.368198
"AVY",2008-02-15,51.23,51.419998,50.599998,50.91,1196200,35.078796
"AVY",2008-02-19,51.389999,51.639999,50.41,50.740002,751100,34.961658
"AVY",2008-02-20,50.25,50.860001,50.049999,50.779999,827700,34.989216
"AVY",2008-02-21,50.849998,51.080002,50.25,50.43,1203400,34.748058
"AVY",2008-02-22,50.540001,50.939999,49.700001,50.939999,719700,35.099449
"AVY",2008-02-25,50.880001,52.23,50.799999,52.220001,980500,35.981434
"AVY",2008-02-26,51.959999,52.82,51.869999,52.82,676200,36.394852
"AVY",2008-02-27,52.119999,53.419998,52.119999,52.740002,1078100,36.339737
"AVY",2008-02-28,52.459999,52.52,51.709999,52.279999,847500,36.022774
"AVY",2008-02-29,51.82,51.98,50.919998,51.32,1286400,35.361305
"AVY",2008-03-03,51.200001,51.450001,50.5,51.169998,1167500,35.541882
"AVY",2008-03-04,50.759998,51.09,47.970001,49.799999,3154700,34.590305
"AVY",2008-03-05,49.580002,49.810001,47.970001,48.75,1889100,33.861008
"AVY",2008-03-06,48.32,48.669998,47.77,47.849998,1137000,33.235874
"AVY",2008-03-07,47.91,48.380001,47.48,47.869999,1445700,33.24976
"AVY",2008-03-10,47.98,48.040001,46.669998,46.779999,2042300,32.492649
"AVY",2008-03-11,47.720001,47.830002,46.52,46.900002,2254500,32.576019
"AVY",2008-03-12,46.790001,47.889999,46.790001,47.119999,740400,32.728821
"AVY",2008-03-13,46.580002,47.919998,46.540001,47.799999,1409400,33.201145
"AVY",2008-03-14,47.790001,48.139999,46.139999,46.630001,1471400,32.388477
"AVY",2008-03-17,45.619999,46.669998,44.880001,46.310001,1232500,32.166203
"AVY",2008-03-18,47.080002,47.91,46.52,47.91,789700,33.277542
"AVY",2008-03-19,48.43,48.810001,47.16,47.16,1196700,32.756615
"AVY",2008-03-20,47.23,47.77,46.939999,47.689999,968100,33.124748
"AVY",2008-03-24,48.060001,49.200001,47.599998,48.93,818200,33.986019
"AVY",2008-03-25,48.700001,49.119999,48.290001,48.849998,865900,33.930454
"AVY",2008-03-26,48.450001,49.18,48.060001,49.060001,883000,34.076317
"AVY",2008-03-27,49.349998,49.5,48.580002,48.639999,1209500,33.784584
"AVY",2008-03-28,48.93,48.959999,47.639999,47.779999,895200,33.187241
"AVY",2008-03-31,48.09,49.419998,47.849998,49.25,1405700,34.208275
"AVY",2008-04-01,49.389999,52.540001,49.27,52.509998,2650800,36.472633
"AVY",2008-04-02,52.880001,53.049999,51.959999,52.77,1282400,36.653236
"AVY",2008-04-03,52.439999,53.27,52.099998,52.93,854800,36.764359
"AVY",2008-04-04,52.91,53.57,52.259998,53.07,654700,36.86161
"AVY",2008-04-07,53.049999,53.740002,52.490002,52.759998,764300,36.646271
"AVY",2008-04-08,52.52,53.009998,52.369999,52.759998,832400,36.646271
"AVY",2008-04-09,52.599998,52.82,51.549999,51.720001,1051800,35.923901
"AVY",2008-04-10,51.5,51.849998,50.759998,51.200001,995900,35.562733
"AVY",2008-04-11,50.810001,50.900002,48.459999,49.07,1632300,34.08326
"AVY",2008-04-14,48.869999,49.66,48.849998,49.369999,1100100,34.291645
"AVY",2008-04-15,49.59,49.720001,48.990002,49.549999,880700,34.416664
"AVY",2008-04-16,49.84,51.470001,49.66,51.380001,1322600,35.687759
"AVY",2008-04-17,51.330002,51.900002,50.59,51.650002,1013200,35.875305
"AVY",2008-04-18,52.630001,52.939999,52.200001,52.52,713000,36.479591
"AVY",2008-04-21,51.959999,52.560001,51.700001,52.41,739700,36.403172
"AVY",2008-04-22,49.009998,51.189999,48.630001,50.709999,2874400,35.222397
"AVY",2008-04-23,50.389999,50.669998,48.220001,48.700001,1669200,33.826275
"AVY",2008-04-24,48.700001,48.73,47.349998,48.400002,1392900,33.617901
"AVY",2008-04-25,48.720001,49.240002,48.400002,49.240002,805300,34.20134
"AVY",2008-04-28,49.110001,49.52,48.73,49.240002,1295500,34.20134
"AVY",2008-04-29,49.25,49.290001,48.740002,48.869999,886900,33.944344
"AVY",2008-04-30,48.82,49.130001,47.959999,48.189999,917900,33.472027
"AVY",2008-05-01,47.990002,49.330002,47.77,49.130001,653400,34.124935
"AVY",2008-05-02,49.48,50.169998,49.220001,49.919998,871700,34.673645
"AVY",2008-05-05,49.470001,50.259998,49.470001,50.09,667400,34.791721
"AVY",2008-05-06,49.669998,50.93,49.669998,50.82,692700,35.298782
"AVY",2008-05-07,50.939999,51.27,49.82,49.869999,518800,34.638927
"AVY",2008-05-08,50.099998,50.16,49.040001,49.41,1268100,34.31942
"AVY",2008-05-09,49.189999,49.810001,49.02,49.310001,828900,34.249962
"AVY",2008-05-12,49.459999,49.689999,48.709999,49.52,686300,34.395832
"AVY",2008-05-13,49.720001,49.959999,49.09,49.790001,910000,34.583378
"AVY",2008-05-14,49.93,50.240002,49.52,49.669998,1315400,34.500019
"AVY",2008-05-15,49.5,50.439999,49.310001,50.200001,1116300,34.868153
"AVY",2008-05-16,50.32,51.740002,50.080002,51.450001,1092600,35.736374
"AVY",2008-05-19,51.450001,51.700001,50.93,51.139999,705000,35.521053
"AVY",2008-05-20,50.700001,50.830002,49.860001,50.509998,645300,35.083466
"AVY",2008-05-21,50.57,50.849998,49.290001,49.32,679000,34.256908
"AVY",2008-05-22,49.48,50.259998,49.43,49.689999,610800,34.513905
"AVY",2008-05-23,49.5,49.68,49.009998,49.150002,951700,34.138836
"AVY",2008-05-27,49.330002,49.59,48.700001,49.310001,596800,34.249962
"AVY",2008-05-28,49.400002,50.5,49.360001,50.400002,716800,35.007072
"AVY",2008-05-29,50.130001,50.919998,50,50.549999,938200,35.111259
"AVY",2008-05-30,50.880001,51.790001,50.630001,51.580002,1025500,35.826675
"AVY",2008-06-02,51.27,51.400002,49.990002,50.470001,906900,35.336555
"AVY",2008-06-03,50.5,51.130001,49.91,50.279999,972500,35.203541
"AVY",2008-06-04,50.169998,51.5,50.049999,50.91,618500,35.644638
"AVY",2008-06-05,51.049999,51.619999,50.639999,51.59,582200,36.120739
"AVY",2008-06-06,51.27,51.27,49.049999,49.049999,957400,34.342358
"AVY",2008-06-09,49.439999,49.580002,48.25,48.52,855600,33.971275
"AVY",2008-06-10,48.080002,48.709999,47.93,48.419998,811400,33.90126
"AVY",2008-06-11,48.029999,48.279999,47.349998,47.490002,680200,33.250114
"AVY",2008-06-12,47.790001,48.57,47.759998,48.139999,691600,33.705219
"AVY",2008-06-13,48.610001,48.889999,47.610001,48.110001,1062800,33.684212
"AVY",2008-06-16,48.110001,48.110001,47.18,47.669998,783900,33.376152
"AVY",2008-06-17,47.799999,48.650002,47.490002,47.740002,1126500,33.425163
"AVY",2008-06-18,47.419998,48.040001,46.779999,47.02,919000,32.921059
"AVY",2008-06-19,47.110001,47.639999,46.77,47.369999,918200,33.166092
"AVY",2008-06-20,47.049999,47.049999,45.689999,46.240002,975500,32.374931
"AVY",2008-06-23,46.549999,47,46.080002,46.790001,703800,32.76001
"AVY",2008-06-24,46.490002,46.540001,45.73,45.830002,977500,32.087872
"AVY",2008-06-25,45.990002,47.299999,45.990002,46.860001,882100,32.809021
"AVY",2008-06-26,46.400002,46.43,44.650002,44.73,1477400,31.31772
"AVY",2008-06-27,44.830002,44.950001,43.369999,43.610001,2520900,30.533541
"AVY",2008-06-30,43.029999,44.400002,43.009998,43.93,1397000,30.757589
"AVY",2008-07-01,43.299999,43.790001,42.740002,43.650002,1748800,30.561552
"AVY",2008-07-02,43.330002,43.459999,42.389999,42.389999,1340200,29.679361
"AVY",2008-07-03,42.880001,42.939999,42.400002,42.700001,696600,29.896395
"AVY",2008-07-07,42.959999,43.310001,42.209999,42.529999,1176800,29.777367
"AVY",2008-07-08,42.259998,43.150002,42.18,43.110001,1058400,30.183468
"AVY",2008-07-09,42.790001,43.330002,42.549999,42.57,888000,29.805378
"AVY",2008-07-10,42.619999,43.66,42.619999,43.220001,948400,30.260473
"AVY",2008-07-11,42.880001,42.880001,41.779999,42.310001,1021200,29.623346
"AVY",2008-07-14,42.779999,42.950001,41.84,42.130001,653100,29.497322
"AVY",2008-07-15,41.68,42.220001,40.84,41.349998,1078600,28.951204
"AVY",2008-07-16,41.290001,41.950001,40.049999,41.73,1875200,29.217251
"AVY",2008-07-17,41.700001,43.630001,41.700001,43.540001,1419500,30.484529
"AVY",2008-07-18,43.360001,45.360001,43.360001,45.18,1497000,31.632778
"AVY",2008-07-21,45.119999,45.700001,44.66,45.240002,1227700,31.674782
"AVY",2008-07-22,42.830002,44.900002,42.619999,44.130001,1474400,30.897614
"AVY",2008-07-23,43.93,44.150002,43.290001,44,1276600,30.806608
"AVY",2008-07-24,43.91,44.080002,43.02,43.040001,793900,30.134451
"AVY",2008-07-25,43.540001,44.110001,43.080002,43.77,842400,30.645563
"AVY",2008-07-28,43.77,43.98,43.07,43.07,623300,30.155464
"AVY",2008-07-29,43.41,44.299999,43.150002,44.299999,1190500,31.016653
"AVY",2008-07-30,44.540001,45.009998,44.09,44.549999,911100,31.191673
"AVY",2008-07-31,44.189999,44.639999,43.900002,44.009998,946300,30.813599
"AVY",2008-08-01,44.169998,44.549999,43.779999,44.080002,1659500,30.862606
"AVY",2008-08-04,44.040001,44.540001,43.700001,44.080002,903000,30.862606
"AVY",2008-08-05,44.459999,46.259998,44.400002,46.200001,1201200,32.346931
"AVY",2008-08-06,46.09,46.09,45.029999,45.439999,1219100,31.81481
"AVY",2008-08-07,44.82,45.509998,44.259998,44.619999,785600,31.240685
"AVY",2008-08-08,44.650002,46.91,44.619999,46.84,856600,32.795017
"AVY",2008-08-11,46.630001,47.93,46.34,47.650002,817300,33.362141
"AVY",2008-08-12,47.77,47.790001,46.860001,46.970001,578400,32.886051
"AVY",2008-08-13,46.84,47.150002,46.169998,47.040001,863200,32.935047
"AVY",2008-08-14,46.919998,47.639999,46.57,47.240002,743700,33.075077
"AVY",2008-08-15,47.009998,48.049999,46.959999,47.880001,552400,33.523178
"AVY",2008-08-18,48.049999,48.349998,47.360001,47.599998,686900,33.327122
"AVY",2008-08-19,47.82,47.82,46.490002,47.360001,1318300,33.159096
"AVY",2008-08-20,47.48,47.75,46.720001,47.43,855300,33.208118
"AVY",2008-08-21,47.02,47.68,47.02,47.5,755600,33.257114
"AVY",2008-08-22,47.669998,48.450001,47.669998,48.209999,529800,33.754227
"AVY",2008-08-25,47.470001,48.110001,46.790001,47.380001,1049500,33.173103
"AVY",2008-08-26,47.310001,48.02,47.310001,48.02,770400,33.621197
"AVY",2008-08-27,47.919998,48.419998,47.91,48.23,1042300,33.768238
"AVY",2008-08-28,48.43,49.450001,48.290001,49.419998,796000,34.60141
"AVY",2008-08-29,48.939999,49.189999,48.189999,48.240002,817000,34.057777
"AVY",2008-09-02,48.790001,50.110001,48.77,48.98,1141800,34.580235
"AVY",2008-09-03,48.759998,49.279999,48.529999,48.990002,1387300,34.587299
"AVY",2008-09-04,48.810001,48.939999,48.02,48.209999,877300,34.03661
"AVY",2008-09-05,47.950001,48.68,47.68,48.529999,620500,34.262505
"AVY",2008-09-08,49.580002,50.139999,49.029999,50,831400,35.30035
"AVY",2008-09-09,43.360001,46.439999,43.349998,44.380001,3868700,31.33259
"AVY",2008-09-10,44.580002,45.52,44.349998,44.91,1813600,31.70677
"AVY",2008-09-11,44.450001,46.189999,43.91,46.139999,1695300,32.575169
"AVY",2008-09-12,45.810001,46.939999,45.259998,46.939999,1032300,33.139977
"AVY",2008-09-15,45.5,46.380001,45.240002,45.41,1163400,32.059776
"AVY",2008-09-16,44.759998,45.790001,43.919998,45.66,2082800,32.236286
"AVY",2008-09-17,44.77,45.970001,44.290001,44.689999,1857700,31.551455
"AVY",2008-09-18,45.189999,46.84,45.080002,46.419998,2400900,32.772842
"AVY",2008-09-19,47.16,48.150002,45.759998,46.549999,1792600,32.864632
"AVY",2008-09-22,45.68,46.830002,45.669998,45.740002,1116500,32.29277
"AVY",2008-09-23,45.77,46.700001,45,45.029999,872300,31.79151
"AVY",2008-09-24,45.119999,45.740002,44.619999,45.18,1014500,31.897415
"AVY",2008-09-25,45.169998,45.75,44.93,45.43,789400,32.073902
"AVY",2008-09-26,45.48,45.709999,44.220001,45.52,1045900,32.137447
"AVY",2008-09-29,44.939999,45.360001,43.5,43.5,1623700,30.7113
"AVY",2008-09-30,44.5,44.509998,42.889999,44.48,1217400,31.403208
"AVY",2008-10-01,43.950001,44.98,43.259998,44.490002,1328600,31.410257
"AVY",2008-10-02,44.049999,44.720001,42.959999,42.959999,1036000,30.330061
"AVY",2008-10-03,43.23,44.07,42.23,42.34,1542400,29.892351
"AVY",2008-10-06,41.599998,41.599998,37.400002,39.259998,1872100,27.717844
"AVY",2008-10-07,39.889999,39.889999,36.77,36.77,1393300,25.959881
"AVY",2008-10-08,35.93,38.490002,35.169998,37.18,1484300,26.249353
"AVY",2008-10-09,36.98,37.849998,34.18,34.18,1385700,24.131327
"AVY",2008-10-10,32.860001,35.220001,32.25,33.830002,2400200,23.884226
"AVY",2008-10-13,36.939999,37.880001,34.18,37.880001,1824000,26.743561
"AVY",2008-10-14,39.209999,39.860001,34.650002,36.360001,1974400,25.670424
"AVY",2008-10-15,36.220001,36.220001,33.43,33.43,1248100,23.601818
"AVY",2008-10-16,33.360001,34.509998,31.209999,33.919998,2162600,23.947762
"AVY",2008-10-17,32.490002,34.799999,32.490002,33.68,1233800,23.778318
"AVY",2008-10-20,33.18,36.419998,33.18,36.419998,1628600,25.712782
"AVY",2008-10-21,33.099998,34.700001,33.060001,33.380001,1659300,23.566515
"AVY",2008-10-22,32.810001,33.48,32,33.220001,1993400,23.453552
"AVY",2008-10-23,33.150002,33.630001,30.84,32.150002,2250500,22.69813
"AVY",2008-10-24,30.200001,32.23,30.040001,31.139999,1598100,21.98506
"AVY",2008-10-27,30.790001,32.139999,30.49,30.49,1636500,21.526155
"AVY",2008-10-28,31.690001,34.34,30.309999,34.189999,1713200,24.13839
"AVY",2008-10-29,34.310001,35.209999,33.279999,33.98,1393100,23.990124
"AVY",2008-10-30,34.830002,35.139999,33.639999,34.580002,1023300,24.413729
"AVY",2008-10-31,34.459999,35.84,34.43,35.02,1507600,24.724379
"AVY",2008-11-03,35.209999,35.330002,34.689999,35.27,1004100,24.900873
"AVY",2008-11-04,35.959999,35.98,35.18,35.810001,1222900,25.282118
"AVY",2008-11-05,35.369999,36.459999,34.48,34.540001,903800,24.385481
"AVY",2008-11-06,34.43,35.009998,32.889999,33.029999,1751500,23.319408
"AVY",2008-11-07,33.34,34.57,33.130001,33.93,1082900,23.954821
"AVY",2008-11-10,34.130001,34.389999,32.380001,32.799999,949200,23.157036
"AVY",2008-11-11,32.400002,32.540001,31.110001,31.4,1283100,22.168625
"AVY",2008-11-12,30.719999,30.799999,29.66,29.719999,1319600,20.982534
"AVY",2008-11-13,29.959999,32.509998,28.74,32.43,1961100,22.895809
"AVY",2008-11-14,31.43,32.240002,30.51,30.629999,859800,21.624996
"AVY",2008-11-17,30.32,31.17,29.9,29.9,1104900,21.109615
"AVY",2008-11-18,29.780001,30.23,28.51,29.41,1343400,20.76367
"AVY",2008-11-19,29.370001,30.209999,27.700001,27.719999,1550000,19.57052
"AVY",2008-11-20,27.030001,28.15,24.9,25.02,2345100,17.664299
"AVY",2008-11-21,25.68,27.139999,24.309999,27.030001,3010100,19.083374
"AVY",2008-11-24,27.48,28.809999,26.709999,28.110001,1643100,19.845861
"AVY",2008-11-25,28.58,29.15,27.75,28.83,1385300,20.354183
"AVY",2008-11-26,28.209999,29.959999,27.860001,29.959999,894700,21.151978
"AVY",2008-11-28,30.110001,31.1,29.780001,31.1,581600,21.956825
"AVY",2008-12-01,30.190001,30.190001,27.059999,27.209999,1189300,19.467094
"AVY",2008-12-02,27.65,27.879999,26.77,27.879999,1411100,19.946436
"AVY",2008-12-03,27.17,28.27,26.610001,28.16,1317700,20.146761
"AVY",2008-12-04,27.620001,28.370001,26.66,27.120001,1415700,19.402708
"AVY",2008-12-05,26.780001,27.709999,25.860001,27.41,2511700,19.610182
"AVY",2008-12-08,28,28.75,27.98,28.52,1581300,20.404325
"AVY",2008-12-09,28.120001,30.08,27.870001,29.49,2121100,21.098288
"AVY",2008-12-10,30.02,31.309999,29.549999,30.82,1873100,22.049831
"AVY",2008-12-11,29.91,30.99,29.6,29.809999,1252400,21.32723
"AVY",2008-12-12,29.18,31.49,29.15,31.1,1356600,22.250154
"AVY",2008-12-15,31.25,31.77,30.43,30.969999,1453700,22.157146
"AVY",2008-12-16,31.299999,33.23,31.15,33.220001,1467700,23.766876
"AVY",2008-12-17,33.27,34.029999,32.75,33.560001,1034100,24.010136
"AVY",2008-12-18,33.84,34.290001,32.490002,32.759998,1530300,23.437777
"AVY",2008-12-19,33.040001,34.009998,32.209999,32.720001,1720500,23.409164
"AVY",2008-12-22,32.68,33.080002,31.469999,32.009998,1071500,22.901199
"AVY",2008-12-23,32.75,32.75,30.959999,31.17,748800,22.300226
"AVY",2008-12-24,31.32,31.790001,31.139999,31.68,294900,22.665108
"AVY",2008-12-26,31.73,31.809999,31.200001,31.530001,525800,22.557796
"AVY",2008-12-29,31.370001,31.52,30.889999,31.389999,619200,22.45763
"AVY",2008-12-30,31.440001,31.99,31.34,31.959999,656600,22.865431
"AVY",2008-12-31,32.02,32.990002,32,32.73,630400,23.416325
"AVY",2009-01-02,33.369999,33.700001,32.610001,33.610001,703000,24.045908
"AVY",2009-01-05,33.110001,33.330002,32.48,32.900002,896400,23.537949
"AVY",2009-01-06,33.080002,33.830002,32.540001,32.84,1349300,23.495018
"AVY",2009-01-07,32.400002,32.759998,31.77,31.91,696400,22.829659
"AVY",2009-01-08,31.299999,32.18,31.200001,32.139999,1061700,22.994205
"AVY",2009-01-09,32.189999,32.189999,31.27,31.389999,745700,22.45763
"AVY",2009-01-12,31.190001,31.360001,30.34,30.559999,833300,21.863821
"AVY",2009-01-13,30.52,30.84,30.129999,30.559999,963200,21.863821
"AVY",2009-01-14,30.190001,30.4,29.4,29.620001,1186300,21.191303
"AVY",2009-01-15,29.68,30.26,28.83,30.1,1579000,21.534714
"AVY",2009-01-16,30.610001,30.889999,29.66,30.25,1108600,21.642033
"AVY",2009-01-20,29.73,30.27,28.25,28.33,1148600,20.268383
"AVY",2009-01-21,28.83,29.360001,27.969999,29.34,1165500,20.990978
"AVY",2009-01-22,28.73,28.790001,27.76,28.379999,1603800,20.304163
"AVY",2009-01-23,27.700001,28.709999,27.290001,28.15,1044600,20.139608
"AVY",2009-01-26,28.18,28.379999,27.35,27.84,1572300,19.91782
"AVY",2009-01-27,26.91,27.25,24.200001,25.719999,3526100,18.401087
"AVY",2009-01-28,25.959999,26.49,25.51,25.92,1764100,18.544182
"AVY",2009-01-29,25.709999,25.879999,25.209999,25.280001,1576000,18.086304
"AVY",2009-01-30,25.16,25.530001,24.040001,24.23,1685000,17.335085
"AVY",2009-02-02,23.969999,24.280001,23.59,24.07,1430200,17.220617
"AVY",2009-02-03,24.049999,24.450001,23.610001,24.35,1752400,17.420938
"AVY",2009-02-04,24.299999,24.65,24,24.129999,1392500,17.263544
"AVY",2009-02-05,23.82,24.6,23.52,24.26,1085800,17.356548
"AVY",2009-02-06,24.26,24.92,24.18,24.77,1085600,17.72142
"AVY",2009-02-09,24.65,25.129999,24.370001,24.719999,1016900,17.685644
"AVY",2009-02-10,24.540001,24.719999,23.219999,23.34,1319600,16.698347
"AVY",2009-02-11,23.41,23.76,23.25,23.57,961700,16.8629
"AVY",2009-02-12,23.200001,23.26,22.34,23.23,1433600,16.619644
"AVY",2009-02-13,23.4,23.4,22.450001,22.75,1208800,16.276237
"AVY",2009-02-17,22.209999,22.209999,21.24,21.33,1576800,15.260316
"AVY",2009-02-18,21.450001,21.6,20.799999,21.360001,1266800,15.281779
"AVY",2009-02-19,21.51,21.84,21.139999,21.27,1276000,15.217388
"AVY",2009-02-20,20.040001,21.389999,20.040001,21.09,1726100,15.088606
"AVY",2009-02-23,21.51,21.51,20.120001,20.16,1334100,14.423249
"AVY",2009-02-24,20.33,21.1,20.129999,20.959999,1360200,14.995603
"AVY",2009-02-25,20.93,20.959999,20.110001,20.389999,1956500,14.587803
"AVY",2009-02-26,20.83,20.98,20.299999,20.42,1495800,14.609266
"AVY",2009-02-27,20.01,20.639999,19.84,20.15,1952200,14.416096
"AVY",2009-03-02,19.4,19.68,18.719999,18.73,1988500,13.678496
"AVY",2009-03-03,18.950001,19.120001,18.129999,18.209999,1683400,13.298737
"AVY",2009-03-04,18.309999,19.4,18.309999,19.030001,1884100,13.897583
"AVY",2009-03-05,18.68,18.68,17.610001,17.75,1538300,12.962801
"AVY",2009-03-06,17.860001,18.200001,17.040001,17.4,2078500,12.707199
"AVY",2009-03-09,17.17,17.75,17.02,17.26,1693600,12.604954
"AVY",2009-03-10,17.620001,18.719999,17.6,18.68,2073700,13.64198
"AVY",2009-03-11,18.700001,19.08,18.290001,18.58,2068600,13.568951
"AVY",2009-03-12,18.59,19.35,18.129999,19.290001,1214400,14.087463
"AVY",2009-03-13,19.43,19.440001,19.1,19.25,1743200,14.05825
"AVY",2009-03-16,19.559999,20.57,19.5,19.82,1580700,14.474524
"AVY",2009-03-17,19.84,20.52,19.68,20.52,925100,14.985726
"AVY",2009-03-18,20.17,21.709999,20.17,21.469999,1551000,15.679509
"AVY",2009-03-19,21.469999,22.01,21.469999,21.610001,1203600,15.781753
"AVY",2009-03-20,21.629999,21.77,21.02,21.15,2678300,15.44581
"AVY",2009-03-23,21.93,22.99,21.360001,22.99,1123200,16.789562
"AVY",2009-03-24,22.809999,23.190001,22.540001,22.610001,1090900,16.512051
"AVY",2009-03-25,22.719999,23.690001,22.1,22.950001,1525600,16.760353
"AVY",2009-03-26,23.23,24.030001,23.120001,24,1254300,17.527168
"AVY",2009-03-27,23.34,23.91,23,23.190001,739000,16.935623
"AVY",2009-03-30,22.84,22.84,21.68,22.040001,1223500,16.095785
"AVY",2009-03-31,22.309999,22.700001,22.01,22.34,1325200,16.314873
"AVY",2009-04-01,22.09,22.83,21.610001,22.75,1366500,16.614294
"AVY",2009-04-02,23.309999,24.52,23.110001,24.4,2083600,17.819284
"AVY",2009-04-03,24.459999,24.75,24.200001,24.68,1146300,18.023767
"AVY",2009-04-06,24.370001,24.58,23.940001,24.379999,878800,17.804688
"AVY",2009-04-07,24.02,24.209999,23.58,23.940001,1459600,17.483345
"AVY",2009-04-08,24.059999,24.73,23.940001,24.709999,993300,18.045683
"AVY",2009-04-09,25.190001,26.209999,25.110001,26.209999,882300,19.141121
"AVY",2009-04-13,25.93,26.120001,25.41,25.940001,678600,18.943949
"AVY",2009-04-14,25.51,25.690001,25.129999,25.4,1016100,18.54958
"AVY",2009-04-15,25.24,27.09,25.24,27.059999,1797200,19.761887
"AVY",2009-04-16,27.18,27.52,26.5,27.42,1406200,20.024788
"AVY",2009-04-17,27.52,27.969999,27.18,27.84,1402900,20.331509
"AVY",2009-04-20,27.43,27.66,26.75,26.790001,1508800,19.564705
"AVY",2009-04-21,26.68,27.91,26.65,27.870001,1060000,20.353428
"AVY",2009-04-22,27.66,29.1,27.440001,28.35,1252600,20.703972
"AVY",2009-04-23,28.389999,28.719999,27.870001,28.66,1089400,20.930359
"AVY",2009-04-24,28.98,30,28.639999,29.76,1229200,21.733694
"AVY",2009-04-27,29.450001,30.07,29.299999,29.450001,1251300,21.507299
"AVY",2009-04-28,26.549999,28.629999,26.549999,28.030001,1921300,20.470278
"AVY",2009-04-29,28.33,28.92,28.08,28.389999,1147400,20.733179
"AVY",2009-04-30,28.780001,29.48,28.52,28.74,1173700,20.988787
"AVY",2009-05-01,28.59,28.91,28.209999,28.48,948400,20.798906
"AVY",2009-05-04,28.48,28.6,28.049999,28.42,1595500,20.755091
"AVY",2009-05-05,28.360001,28.58,28.030001,28.25,753200,20.630936
"AVY",2009-05-06,28.559999,28.709999,27.790001,28.35,1179000,20.703972
"AVY",2009-05-07,28.93,28.93,27.35,27.610001,1651800,20.163548
"AVY",2009-05-08,27.940001,29.09,27.77,29.09,978000,21.244385
"AVY",2009-05-11,28.719999,28.82,27.99,28.059999,1271000,20.492176
"AVY",2009-05-12,28.059999,28.07,27.32,27.73,1230600,20.251183
"AVY",2009-05-13,27.15,27.23,26.27,26.42,926000,19.294493
"AVY",2009-05-14,26.469999,27.360001,26.139999,27.139999,886000,19.820309
"AVY",2009-05-15,27.129999,27.73,26.57,26.68,877000,19.484365
"AVY",2009-05-18,26.99,27.59,26.690001,27.58,1206800,20.14163
"AVY",2009-05-19,27.25,27.83,27.219999,27.450001,916800,20.046701
"AVY",2009-05-20,27.52,28.280001,27.15,27.23,823400,19.886032
"AVY",2009-05-21,26.950001,27.030001,26.18,26.450001,743600,19.316401
"AVY",2009-05-22,26.57,27.01,26.17,26.610001,712000,19.43325
"AVY",2009-05-26,26.469999,27.809999,26.209999,27.73,1203400,20.251183
"AVY",2009-05-27,27.84,27.85,26.85,26.940001,803800,19.674242
"AVY",2009-05-28,27.35,27.35,26.379999,27.290001,1033000,19.929852
"AVY",2009-05-29,27.27,27.629999,27.049999,27.559999,1498900,20.127029
"AVY",2009-06-01,27.559999,28.530001,27.35,28.18,1696700,20.890602
"AVY",2009-06-02,28.059999,28.299999,27.75,27.870001,1172400,20.660789
"AVY",2009-06-03,27.67,27.940001,27.09,27.35,752600,20.275297
"AVY",2009-06-04,27.5,28.09,27.299999,27.99,942100,20.749744
"AVY",2009-06-05,28.459999,28.549999,27.67,28.209999,1154400,20.912832
"AVY",2009-06-08,28.139999,28.16,27.43,27.940001,852300,20.712683
"AVY",2009-06-09,27.99,28.42,27.91,28.1,839100,20.831295
"AVY",2009-06-10,28.32,28.4,27.379999,27.67,1063600,20.512524
"AVY",2009-06-11,27.799999,28.23,27.719999,27.940001,1001700,20.712683
"AVY",2009-06-12,27.51,28.01,27.360001,27.940001,568900,20.712683
"AVY",2009-06-15,27.5,27.5,26.74,27.02,664300,20.030663
"AVY",2009-06-16,27.120001,27.139999,25.700001,25.75,1204100,19.089174
"AVY",2009-06-17,25.65,25.91,25.16,25.41,1227800,18.837118
"AVY",2009-06-18,25.6,26.08,25.35,25.879999,757000,19.185543
"AVY",2009-06-19,26.16,26.41,25.85,25.940001,1281500,19.230024
"AVY",2009-06-22,25.620001,25.91,24.9,24.91,688200,18.466455
"AVY",2009-06-23,24.969999,25.110001,24.57,24.65,900500,18.273712
"AVY",2009-06-24,24.860001,25.27,24.74,24.889999,780600,18.451633
"AVY",2009-06-25,24.780001,25.540001,24.67,25.540001,753600,18.933493
"AVY",2009-06-26,25.4,25.5,25.17,25.389999,931000,18.822298
"AVY",2009-06-29,25.309999,25.799999,25.129999,25.700001,617900,19.052109
"AVY",2009-06-30,25.68,25.83,25.290001,25.68,813400,19.037275
"AVY",2009-07-01,25.85,26.379999,25.75,26.190001,652900,19.415358
"AVY",2009-07-02,25.799999,26.190001,24.9,24.9,681100,18.459044
"AVY",2009-07-06,24.75,25.57,24.58,25.379999,792000,18.814884
"AVY",2009-07-07,25.110001,25.32,24.59,24.6,502200,18.236645
"AVY",2009-07-08,24.52,24.790001,24,24.33,889200,18.036486
"AVY",2009-07-09,24.459999,24.639999,24.17,24.42,786100,18.103212
"AVY",2009-07-10,24.440001,24.629999,23.98,24.23,1619100,17.962357
"AVY",2009-07-13,24.18,24.450001,23.75,24.450001,1268800,18.125439
"AVY",2009-07-14,24.450001,24.77,24.1,24.77,1042000,18.362673
"AVY",2009-07-15,25.25,25.690001,25,25.610001,1673100,18.985392
"AVY",2009-07-16,25.629999,26.379999,25.440001,26.219999,931400,19.437597
"AVY",2009-07-17,26.129999,26.459999,26.01,26.299999,791000,19.496904
"AVY",2009-07-20,26.49,26.98,26.25,26.959999,720400,19.986177
"AVY",2009-07-21,27.219999,27.459999,26.32,26.68,992100,19.778606
"AVY",2009-07-22,26.58,26.809999,26.459999,26.700001,1383100,19.79343
"AVY",2009-07-23,26.66,28,26.610001,27.98,1562900,20.742329
"AVY",2009-07-24,27.9,28.68,27.719999,28.549999,900700,21.164886
"AVY",2009-07-27,28.5,29.120001,28.299999,29.110001,964800,21.580034
"AVY",2009-07-28,28.85,29.690001,28.75,29.59,1037000,21.935871
"AVY",2009-07-29,29.459999,29.9,28.67,29.809999,1588500,22.098957
"AVY",2009-07-30,28.91,30.01,26.5,26.65,4819600,19.756359
"AVY",2009-07-31,26.66,26.98,26.4,26.73,2921100,19.81567
"AVY",2009-08-03,27.129999,27.35,26.709999,27.190001,1952700,20.156685
"AVY",2009-08-04,27.09,27.379999,26.860001,27.23,2553800,20.186329
"AVY",2009-08-05,27.440001,27.530001,26.84,27.129999,2027300,20.112206
"AVY",2009-08-06,27.27,27.440001,26.82,27.120001,1705700,20.104794
"AVY",2009-08-07,27.309999,27.76,27.23,27.48,2488900,20.37166
"AVY",2009-08-10,27.299999,27.530001,27.129999,27.469999,1619100,20.36426
"AVY",2009-08-11,27.450001,27.530001,26.870001,27.200001,2047300,20.164089
"AVY",2009-08-12,27.120001,27.799999,27.120001,27.57,2247800,20.438383
"AVY",2009-08-13,27.559999,27.959999,27.08,27.43,3638500,20.334602
"AVY",2009-08-14,28.66,29.17,27.77,28.41,4335000,21.061102
"AVY",2009-08-17,27.82,28.540001,27.709999,28.23,1764300,20.927666
"AVY",2009-08-18,28.299999,29.299999,28.26,29.190001,1833200,21.639343
"AVY",2009-08-19,28.73,29.879999,28.73,29.709999,1530900,22.024832
"AVY",2009-08-20,29.690001,30.690001,29.5,30.35,1873500,22.499275
"AVY",2009-08-21,30.75,31.719999,30.370001,31.299999,1408000,23.203537
"AVY",2009-08-24,31.49,31.59,31.059999,31.200001,721200,23.129408
"AVY",2009-08-25,31.190001,31.690001,30.9,31.370001,1113200,23.25543
"AVY",2009-08-26,31.34,31.58,30.790001,31.440001,924900,23.30732
"AVY",2009-08-27,31.549999,31.700001,30.799999,31.59,721900,23.418524
"AVY",2009-08-28,31.77,31.84,31.049999,31.48,861900,23.336979
"AVY",2009-08-31,30.98,31.1,30.49,30.9,1678100,23.053469
"AVY",2009-09-01,30.74,31.129999,29.93,30.040001,1288700,22.411852
"AVY",2009-09-02,29.93,30.01,29.440001,29.879999,1104200,22.29248
"AVY",2009-09-03,29.91,30.030001,29.129999,30,1012300,22.38201
"AVY",2009-09-04,30,30.43,29.66,30.26,1131900,22.575985
"AVY",2009-09-08,30.58,30.940001,30.35,30.67,1461400,22.881876
"AVY",2009-09-09,30.6,31.719999,30.299999,31.32,1616400,23.366823
"AVY",2009-09-10,31.370001,31.950001,31.24,31.9,1381800,23.799538
"AVY",2009-09-11,32.119999,33.139999,32.119999,32.610001,1670700,24.32925
"AVY",2009-09-14,32.73,34.77,32.59,34.549999,2855600,25.776615
"AVY",2009-09-15,34.619999,35.110001,34.360001,35.029999,1221200,26.134733
"AVY",2009-09-16,35.16,35.610001,34.889999,35.560001,1497800,26.530146
"AVY",2009-09-17,35.490002,35.5,35.07,35.349998,2087100,26.373465
"AVY",2009-09-18,35.5,35.68,34.939999,35.48,1444300,26.470463
"AVY",2009-09-21,35.369999,35.369999,34.57,35.209999,1345800,26.269014
"AVY",2009-09-22,35.200001,35.68,35.150002,35.650002,1680900,26.597292
"AVY",2009-09-23,35.689999,35.810001,35.23,35.349998,1514300,26.373465
"AVY",2009-09-24,35.549999,35.779999,35.169998,35.349998,1860200,26.373465
"AVY",2009-09-25,35.220001,35.549999,34.540001,34.619999,1247000,25.828846
"AVY",2009-09-28,34.84,36.48,34.68,36.360001,1423200,27.127008
"AVY",2009-09-29,36.450001,36.830002,36.32,36.560001,915200,27.276207
"AVY",2009-09-30,36.580002,36.599998,35.509998,36.009998,1305000,26.865875
"AVY",2009-10-01,35.919998,35.990002,34.580002,34.73,1641600,25.910912
"AVY",2009-10-02,32.869999,34.09,32.869999,33.950001,2066900,25.328976
"AVY",2009-10-05,34.040001,34.82,33.91,34.810001,1172100,25.970598
"AVY",2009-10-06,34.919998,35.540001,34.889999,35.34,1375800,26.366011
"AVY",2009-10-07,35.080002,35.32,34.720001,35.18,1420700,26.246637
"AVY",2009-10-08,35.27,35.849998,35.25,35.75,1311100,26.671885
"AVY",2009-10-09,35.830002,36.349998,35.779999,36.290001,910500,27.074774
"AVY",2009-10-12,36.509998,36.779999,36.32,36.400002,1099600,27.156837
"AVY",2009-10-13,36.389999,36.84,36.099998,36.810001,1109100,27.462729
"AVY",2009-10-14,37.07,37.869999,36.889999,37.759998,1646700,28.17149
"AVY",2009-10-15,37.52,38.150002,37.450001,38.119999,1214300,28.440079
"AVY",2009-10-16,37.709999,38.02,37.279999,37.799999,890800,28.20133
"AVY",2009-10-19,38.060001,38.560001,37.799999,38.220001,1352100,28.514681
"AVY",2009-10-20,38.189999,38.700001,38.02,38.599998,1173900,28.798185
"AVY",2009-10-21,38.59,39.119999,38.02,38.09,1037100,28.417702
"AVY",2009-10-22,38.169998,38.439999,37.5,38.32,1509300,28.589287
"AVY",2009-10-23,38.470001,38.470001,37.650002,37.790001,1774600,28.193872
"AVY",2009-10-26,37.790001,38.380001,36.82,36.84,2381600,27.485111
"AVY",2009-10-27,37.169998,39.07,36.779999,36.98,3654100,27.589563
"AVY",2009-10-28,36.689999,37.060001,35.43,35.610001,2167200,26.56745
"AVY",2009-10-29,35.990002,36.73,35.869999,36.5,1737300,27.231455
"AVY",2009-10-30,36.369999,36.48,35.459999,35.650002,2022500,26.597292
"AVY",2009-11-02,35.84,36.509998,35.610001,36.200001,1751700,27.007624
"AVY",2009-11-03,36.099998,36.689999,35.68,36.630001,1179100,27.328438
"AVY",2009-11-04,36.860001,37.09,36.360001,36.43,1137300,27.179224
"AVY",2009-11-05,36.790001,37.57,36.52,37.540001,1062800,28.007359
"AVY",2009-11-06,37.439999,37.869999,37.07,37.75,1001300,28.164032
"AVY",2009-11-09,38.07,39.240002,38.07,39.200001,1004800,29.245819
"AVY",2009-11-10,39.02,39.580002,38.689999,38.779999,1347600,28.932486
"AVY",2009-11-11,39.02,39.57,38.860001,39.279999,904200,29.305515
"AVY",2009-11-12,39.310001,39.779999,38.619999,38.689999,939400,28.865337
"AVY",2009-11-13,38.740002,39.419998,38.470001,39.209999,578100,29.253292
"AVY",2009-11-16,39.400002,40.139999,39.400002,39.919998,447300,29.782991
"AVY",2009-11-17,39.689999,40.07,39.580002,40.02,348800,29.857607
"AVY",2009-11-18,39.91,40.110001,39.330002,39.48,392500,29.454733
"AVY",2009-11-19,39.32,39.32,38.330002,38.400002,722000,28.648975
"AVY",2009-11-20,38.32,38.369999,37.759998,38.029999,967900,28.372931
"AVY",2009-11-23,38.330002,39.119999,38.330002,38.700001,647000,28.872799
"AVY",2009-11-24,38.860001,38.860001,38.060001,38.490002,614600,28.716118
"AVY",2009-11-25,38.669998,39.349998,38.560001,39.290001,687400,29.312975
"AVY",2009-11-27,38.349998,38.439999,37.639999,37.689999,594600,28.119268
"AVY",2009-11-30,37.610001,37.709999,37.009998,37.560001,940700,28.171774
"AVY",2009-12-01,37.82,38.23,37.720001,37.959999,787800,28.471781
"AVY",2009-12-02,37.849998,38.389999,37.73,37.830002,1028700,28.374298
"AVY",2009-12-03,37.970001,38.380001,37.810001,37.889999,835900,28.419287
"AVY",2009-12-04,38.59,39.18,38.459999,38.950001,1191600,29.214338
"AVY",2009-12-07,39.060001,39.189999,38.290001,38.419998,1534400,28.816813
"AVY",2009-12-08,38.220001,38.27,37.240002,37.849998,822200,28.389278
"AVY",2009-12-09,37.82,37.919998,37.25,37.709999,572300,28.284286
"AVY",2009-12-10,37.779999,37.970001,37.450001,37.75,506900,28.314278
"AVY",2009-12-11,37.860001,38,37.5,37.889999,689400,28.419287
"AVY",2009-12-14,38.029999,38.369999,37.73,38.369999,582100,28.779303
"AVY",2009-12-15,38.290001,38.290001,37.5,37.619999,680000,28.216766
"AVY",2009-12-16,37.759998,37.84,37.18,37.259998,1176400,27.946749
"AVY",2009-12-17,37.099998,37.099998,36.16,36.419998,1293300,27.316711
"AVY",2009-12-18,36.52,36.880001,36.150002,36.299999,2222900,27.226721
"AVY",2009-12-21,36.349998,37.16,36.349998,36.98,1041300,27.736746
"AVY",2009-12-22,37.049999,37.209999,36.830002,37.139999,757900,27.856752
"AVY",2009-12-23,37.16,37.330002,37.029999,37.200001,803800,27.901751
"AVY",2009-12-24,37.220001,37.349998,37.150002,37.220001,321200,27.916748
"AVY",2009-12-28,37.240002,37.459999,36.939999,37.150002,1203700,27.864246
"AVY",2009-12-29,37.220001,37.59,37.029999,37.509998,864500,28.134272
"AVY",2009-12-30,37.25,37.400002,36.91,36.93,685300,27.699238
"AVY",2009-12-31,37.049999,37.119999,36.470001,36.490002,685900,27.369219
"AVY",2010-01-04,36.740002,36.970001,36.419998,36.849998,1301200,27.639231
"AVY",2010-01-05,38.459999,38.470001,36.330002,37.09,2708800,27.819239
"AVY",2010-01-06,36.889999,37.279999,36.77,37.009998,1234100,27.759241
"AVY",2010-01-07,36.799999,37.389999,36.709999,37.360001,995400,28.021753
"AVY",2010-01-08,37.110001,38.119999,37.02,38.07,1432700,28.5543
"AVY",2010-01-11,38.389999,39.080002,37.790001,38.709999,1132500,29.034332
"AVY",2010-01-12,38.52,38.66,37.959999,38.310001,877800,28.73431
"AVY",2010-01-13,38.380001,39.84,38.150002,39.75,1493500,29.814373
"AVY",2010-01-14,39.790001,40,39.380001,39.790001,695000,29.844372
"AVY",2010-01-15,39.59,40.23,39.169998,39.48,1279600,29.611864
"AVY",2010-01-19,39.549999,40.07,39.459999,40.07,1009100,30.05439
"AVY",2010-01-20,39.709999,39.709999,39.349998,39.610001,951300,29.709354
"AVY",2010-01-21,39.57,39.830002,38.650002,38.66,1480500,28.996819
"AVY",2010-01-22,38.470001,39.130001,38.349998,38.619999,1599700,28.966825
"AVY",2010-01-25,38.91,39.119999,38.549999,38.580002,901800,28.936821
"AVY",2010-01-26,38.389999,38.900002,38.279999,38.380001,669400,28.78681
"AVY",2010-01-27,38.27,38.509998,37.869999,38.439999,959300,28.831802
"AVY",2010-01-28,38.689999,39.049999,37.970001,38.099998,1709700,28.576794
"AVY",2010-01-29,35.68,36.419998,32.48,32.509998,5724300,24.384027
"AVY",2010-02-01,32.82,34.189999,32.57,33.34,3506100,25.006573
"AVY",2010-02-02,33.369999,33.84,33.18,33.540001,1957200,25.15658
"AVY",2010-02-03,33.290001,33.560001,32.700001,33.139999,1399800,24.856562
"AVY",2010-02-04,32.830002,33.110001,32.650002,32.709999,1800500,24.534037
"AVY",2010-02-05,32.619999,32.939999,32.110001,32.77,2272900,24.579044
"AVY",2010-02-08,32.82,33.25,32.400002,32.509998,1499200,24.384027
"AVY",2010-02-09,33.029999,33.060001,31.91,32.540001,1982000,24.406534
"AVY",2010-02-10,32.48,32.48,31.870001,32.169998,1648500,24.129017
"AVY",2010-02-11,32.02,32.580002,31.799999,32.34,1456700,24.256527
"AVY",2010-02-12,31.9,32.290001,31.549999,32.09,1372800,24.069012
"AVY",2010-02-16,32.290001,32.610001,32.099998,32.599998,1698700,24.451542
"AVY",2010-02-17,32.57,32.849998,31.73,32.099998,2447600,24.076513
"AVY",2010-02-18,32.099998,32.43,31.799999,32.049999,2322300,24.039013
"AVY",2010-02-19,31.719999,31.959999,31.34,31.799999,2941300,23.851492
"AVY",2010-02-22,32,32.439999,31.690001,32.040001,2049100,24.031515
"AVY",2010-02-23,31.940001,32.220001,31.48,31.52,1391700,23.641485
"AVY",2010-02-24,31.58,31.92,31.42,31.73,1273800,23.798992
"AVY",2010-02-25,31.27,31.66,30.82,31.51,1190200,23.633986
"AVY",2010-02-26,31.51,32,31.33,31.6,1020100,23.701485
"AVY",2010-03-01,31.639999,32.16,31.23,31.84,1059600,24.033609
"AVY",2010-03-02,32.040001,32.040001,31.540001,31.67,1414700,23.905291
"AVY",2010-03-03,31.83,31.93,31.379999,31.43,1488600,23.724134
"AVY",2010-03-04,30.530001,30.860001,30.219999,30.790001,2413400,23.241047
"AVY",2010-03-05,30.889999,31.26,30.799999,31.15,1541000,23.512783
"AVY",2010-03-08,31.110001,31.459999,30.73,31.379999,1472700,23.686392
"AVY",2010-03-09,31.309999,32.299999,31.139999,32.07,1943000,24.207222
"AVY",2010-03-10,32.040001,32.5,31.889999,32.360001,1565200,24.426125
"AVY",2010-03-11,32.25,33.060001,32.029999,33.040001,2322200,24.939405
"AVY",2010-03-12,33.23,33.66,32.790001,33.310001,2518900,25.143198
"AVY",2010-03-15,33.32,33.790001,33.119999,33.610001,1525500,25.369659
"AVY",2010-03-16,33.57,34.150002,33.439999,34.049999,1393100,25.701775
"AVY",2010-03-17,34.150002,34.720001,34.139999,34.630001,1653000,26.13957
"AVY",2010-03-18,34.630001,34.84,34.5,34.790001,1246200,26.260342
"AVY",2010-03-19,35.029999,35.240002,34.619999,35.029999,2458300,26.441509
"AVY",2010-03-22,34.91,35.459999,34.91,35.389999,2005600,26.713247
"AVY",2010-03-23,35.400002,35.75,34.990002,35.740002,1544100,26.977427
"AVY",2010-03-24,35.639999,35.639999,35.009998,35.060001,1380400,26.464142
"AVY",2010-03-25,35.27,35.459999,34.970001,34.98,1166500,26.403763
"AVY",2010-03-26,35.040001,35.52,34.91,35.450001,1479200,26.758524
"AVY",2010-03-29,35.610001,36.080002,35.580002,36.080002,1609000,27.234072
"AVY",2010-03-30,36.119999,36.25,35.610001,36.169998,1071400,27.302006
"AVY",2010-03-31,35.990002,36.619999,35.91,36.41,1849700,27.483162
"AVY",2010-04-01,36.630001,36.91,36.009998,36.400002,1111500,27.475607
"AVY",2010-04-05,36.580002,36.610001,36.330002,36.549999,662200,27.58884
"AVY",2010-04-06,36.41,37.130001,36.41,37.130001,814200,28.026628
"AVY",2010-04-07,36.970001,37.529999,36.970001,37.310001,1605000,28.162504
"AVY",2010-04-08,37.080002,37.369999,36.919998,37.220001,781400,28.094563
"AVY",2010-04-09,37.25,37.450001,36.84,37.389999,1036900,28.222895
"AVY",2010-04-12,37.5,37.619999,37.119999,37.380001,1635700,28.215345
"AVY",2010-04-13,37.299999,37.52,37.130001,37.459999,1163000,28.275726
"AVY",2010-04-14,37.5,37.900002,37.490002,37.880001,1431700,28.592754
"AVY",2010-04-15,37.880001,38.240002,37.77,38.080002,959300,28.743725
"AVY",2010-04-16,37.919998,38.02,37.16,37.360001,1194800,28.200237
"AVY",2010-04-19,37.310001,37.5,36.650002,36.98,1510400,27.913416
"AVY",2010-04-20,37.27,37.73,37.029999,37.66,1551600,28.426695
"AVY",2010-04-21,37.689999,38.099998,37.689999,38.099998,1168800,28.758814
"AVY",2010-04-22,37.75,38.630001,37.73,38.57,1292300,29.113586
"AVY",2010-04-23,38.580002,39.380001,38.439999,39.32,1375500,29.679707
"AVY",2010-04-26,39.200001,39.75,39.18,39.299999,1279100,29.664604
"AVY",2010-04-27,41.740002,43.330002,40.580002,41.389999,5653700,31.242201
"AVY",2010-04-28,41.650002,43,40.02,40.27,2435900,30.396784
"AVY",2010-04-29,40.580002,40.889999,40.25,40.400002,2506100,30.494919
"AVY",2010-04-30,40.490002,40.790001,39.029999,39.029999,2087500,29.460798
"AVY",2010-05-03,39.360001,39.459999,38.889999,39.16,1989600,29.558929
"AVY",2010-05-04,38.740002,38.869999,37.82,38.150002,1967200,28.796549
"AVY",2010-05-05,38.02,38.509998,37.849998,38.259998,2280600,28.879581
"AVY",2010-05-06,38.02,38.610001,34.459999,36.490002,1824200,27.543543
"AVY",2010-05-07,36.52,37.049999,35.529999,35.650002,2822900,26.909496
"AVY",2010-05-10,36.84,37.91,36.799999,37.689999,2188100,28.449337
"AVY",2010-05-11,37.389999,38.25,37.009998,37.650002,1216700,28.419144
"AVY",2010-05-12,37.759998,38.02,37.290001,37.66,2131900,28.426695
"AVY",2010-05-13,37.419998,37.740002,36.919998,36.93,1071900,27.875664
"AVY",2010-05-14,36.560001,36.740002,35.580002,35.849998,1024600,27.060457
"AVY",2010-05-17,36.049999,36.610001,35.68,36.34,2099600,27.430328
"AVY",2010-05-18,36.639999,37.18,35.52,35.619999,1480200,26.886847
"AVY",2010-05-19,35.490002,35.82,34.939999,35.43,1584800,26.743437
"AVY",2010-05-20,34.549999,34.560001,33.580002,33.709999,1965100,25.445135
"AVY",2010-05-21,33.169998,34.43,32.939999,34.110001,1875000,25.747063
"AVY",2010-05-24,33.68,34.560001,33.669998,33.950001,1098000,25.626289
"AVY",2010-05-25,33.040001,33.639999,32.560001,33.639999,1509800,25.392296
"AVY",2010-05-26,33.860001,34.060001,33.16,33.380001,1272400,25.196037
"AVY",2010-05-27,34.029999,34.650002,33.650002,34.639999,1043500,26.14712
"AVY",2010-05-28,34.549999,34.599998,33.75,34.18,1341200,25.949724
"AVY",2010-06-01,33.830002,34.18,33.040001,33.049999,1257500,25.091814
"AVY",2010-06-02,33.119999,33.810001,33,33.77,986000,25.638449
"AVY",2010-06-03,33.709999,34.48,33.709999,34.099998,993800,25.88899
"AVY",2010-06-04,33.43,33.450001,32.02,32.099998,2027700,24.370573
"AVY",2010-06-07,32.110001,32.169998,31.290001,31.32,1840100,23.778393
"AVY",2010-06-08,31.25,31.790001,30.889999,31.379999,1770400,23.823944
"AVY",2010-06-09,31.549999,32.049999,31.33,31.67,2157600,24.044115
"AVY",2010-06-10,32.380001,33.240002,32.310001,33.220001,1212300,25.220879
"AVY",2010-06-11,32.880001,34.060001,32.689999,34.049999,2528200,25.85103
"AVY",2010-06-14,34.369999,34.919998,34.299999,34.400002,2736100,26.116753
"AVY",2010-06-15,34.779999,35.599998,34.459999,35.57,2310300,27.005022
"AVY",2010-06-16,35.23,36.029999,34.990002,35.73,2325300,27.126497
"AVY",2010-06-17,35.810001,35.82,34.889999,35.209999,917500,26.731709
"AVY",2010-06-18,35.279999,35.389999,34.98,35.189999,830400,26.716528
"AVY",2010-06-21,35.610001,35.610001,34.310001,34.549999,1256600,26.230627
"AVY",2010-06-22,34.639999,35.099998,33.959999,34.040001,1251100,25.843435
"AVY",2010-06-23,33.790001,34.119999,33.150002,33.950001,1124500,25.775106
"AVY",2010-06-24,33.82,34.040001,33.279999,33.709999,1301100,25.592899
"AVY",2010-06-25,33.869999,34.540001,33.5,34.369999,1887300,26.093975
"AVY",2010-06-28,34.509998,34.509998,33.82,34.189999,1028200,25.957323
"AVY",2010-06-29,33.599998,33.610001,32.16,32.389999,1953200,24.590738
"AVY",2010-06-30,32.290001,32.790001,32,32.130001,1623500,24.393345
"AVY",2010-07-01,32.07,32.369999,31.27,32.110001,2005000,24.378164
"AVY",2010-07-02,32.189999,32.330002,31.639999,31.870001,802000,24.195951
"AVY",2010-07-06,32.279999,32.599998,31.34,31.67,1413800,24.044115
"AVY",2010-07-07,31.93,33.459999,31.93,33.459999,1727600,25.403099
"AVY",2010-07-08,33.68,34.080002,33.470001,33.990002,910200,25.805475
"AVY",2010-07-09,34.080002,34.650002,33.919998,34.619999,787900,26.283779
"AVY",2010-07-12,34.450001,34.93,34.299999,34.759998,940200,26.390068
"AVY",2010-07-13,35.119999,35.48,34.93,34.970001,1218900,26.549503
"AVY",2010-07-14,34.77,35.150002,34.59,34.880001,683000,26.481169
"AVY",2010-07-15,34.810001,34.810001,34.060001,34.669998,5e+05,26.321739
"AVY",2010-07-16,34.509998,34.509998,33.490002,33.560001,814200,25.479021
"AVY",2010-07-19,33.669998,33.98,33.349998,33.869999,522900,25.714373
"AVY",2010-07-20,33.259998,34.490002,33.16,34.450001,677600,26.154711
"AVY",2010-07-21,34.790001,34.790001,33.73,34.029999,574500,25.835844
"AVY",2010-07-22,34.529999,35.599998,34.43,35.150002,841400,26.686152
"AVY",2010-07-23,35.080002,37.220001,34.889999,37.139999,2011800,28.196985
"AVY",2010-07-26,37.299999,38.27,37.25,38.040001,1427400,28.880272
"AVY",2010-07-27,38.32,38.32,37.43,37.91,1197800,28.781578
"AVY",2010-07-28,38.259998,38.810001,35.740002,36.169998,2712000,27.460554
"AVY",2010-07-29,36.509998,36.82,35.73,36.200001,2539200,27.483318
"AVY",2010-07-30,35.689999,36.400002,35.560001,35.849998,1748300,27.217602
"AVY",2010-08-02,36.610001,37.07,36.470001,36.93,1132300,28.037542
"AVY",2010-08-03,36.950001,37.16,36.48,36.560001,711400,27.756638
"AVY",2010-08-04,36.59,36.740002,36.25,36.560001,920900,27.756638
"AVY",2010-08-05,36.220001,36.540001,36.080002,36.43,823500,27.657948
"AVY",2010-08-06,35.98,36.310001,35.25,36.18,1001200,27.468147
"AVY",2010-08-09,36.360001,36.560001,36.200001,36.459999,565800,27.680719
"AVY",2010-08-10,36.16,36.540001,35.75,36.060001,1080500,27.377043
"AVY",2010-08-11,35.310001,35.450001,34.349998,34.689999,1386100,26.336924
"AVY",2010-08-12,34.060001,34.810001,33.970001,34.439999,859500,26.147116
"AVY",2010-08-13,34.259998,34.529999,34.099998,34.139999,550900,25.919365
"AVY",2010-08-16,33.84,34.360001,33.759998,34.169998,663000,25.942133
"AVY",2010-08-17,34.400002,35.080002,34.189999,34.860001,701800,26.465988
"AVY",2010-08-18,34.860001,35.16,34.610001,34.889999,518300,26.488766
"AVY",2010-08-19,34.650002,34.75,33.639999,34.049999,688700,25.85103
"AVY",2010-08-20,33.73,34.080002,33.360001,33.810001,597700,25.668818
"AVY",2010-08-23,33.91,34.310001,33.310001,33.369999,882100,25.334768
"AVY",2010-08-24,32.869999,33.009998,32.34,32.73,867300,24.848875
"AVY",2010-08-25,32.419998,32.52,31.66,32.330002,1962300,24.545195
"AVY",2010-08-26,32.540001,32.810001,31.950001,32.16,802800,24.416128
"AVY",2010-08-27,32.459999,33,31.969999,32.990002,875800,25.046267
"AVY",2010-08-30,32.529999,32.779999,32.380001,32.389999,712100,24.740726
"AVY",2010-08-31,32.259998,32.790001,32.02,32.52,1047400,24.840027
"AVY",2010-09-01,33.07,33.869999,32.880001,33.779999,741300,25.802465
"AVY",2010-09-02,33.759998,34.34,33.560001,34.27,741400,26.176748
"AVY",2010-09-03,34.810001,35,34.549999,34.889999,548600,26.650331
"AVY",2010-09-07,34.689999,34.689999,34.240002,34.310001,546200,26.207304
"AVY",2010-09-08,34.25,34.59,34.150002,34.439999,578100,26.306602
"AVY",2010-09-09,34.869999,34.959999,34.349998,34.490002,533500,26.344801
"AVY",2010-09-10,34.650002,35.099998,34.549999,34.610001,644000,26.436468
"AVY",2010-09-13,35.060001,35.610001,34.919998,35.389999,654200,27.032249
"AVY",2010-09-14,35.349998,35.509998,34.68,35.32,601700,26.978781
"AVY",2010-09-15,35.209999,35.57,34.98,35.470001,657900,27.093363
"AVY",2010-09-16,35.099998,35.849998,34.950001,35.639999,632100,27.223202
"AVY",2010-09-17,35.860001,36.41,35.549999,36.150002,885800,27.612762
"AVY",2010-09-20,36.25,37,36.040001,36.889999,967100,28.178005
"AVY",2010-09-21,36.889999,36.889999,36.330002,36.560001,591000,27.925934
"AVY",2010-09-22,36.48,36.82,35.759998,36.02,715600,27.513466
"AVY",2010-09-23,35.59,36.23,35.389999,35.529999,676200,27.139183
"AVY",2010-09-24,36.09,36.650002,35.98,36.459999,943000,27.849556
"AVY",2010-09-27,36.459999,36.77,36.299999,36.360001,663100,27.773178
"AVY",2010-09-28,36.380001,36.799999,35.540001,36.73,716400,28.05579
"AVY",2010-09-29,36.619999,37.450001,36.52,37.18,785300,28.399525
"AVY",2010-09-30,37.389999,37.900002,36.990002,37.119999,829300,28.353691
"AVY",2010-10-01,37.32,37.540001,36.880001,37.240002,481400,28.445354
"AVY",2010-10-04,37.189999,37.459999,36.439999,36.68,878000,28.017607
"AVY",2010-10-05,37.07,38.049999,36.860001,37.73,773600,28.819624
"AVY",2010-10-06,37.790001,37.91,37.580002,37.740002,562400,28.827265
"AVY",2010-10-07,37.869999,37.91,37.360001,37.59,421200,28.712685
"AVY",2010-10-08,37.630001,38.189999,37.509998,38.040001,414100,29.056421
"AVY",2010-10-11,38.080002,38.470001,37.860001,38.290001,419700,29.247387
"AVY",2010-10-12,38.259998,38.279999,37.73,38.18,611800,29.163359
"AVY",2010-10-13,38.389999,38.580002,38.09,38.419998,654200,29.34668
"AVY",2010-10-14,38.389999,38.689999,37.849998,38.150002,458200,29.140444
"AVY",2010-10-15,38.360001,38.740002,37.84,38.240002,1870200,29.209192
"AVY",2010-10-18,38.23,38.540001,38.169998,38.279999,736700,29.239746
"AVY",2010-10-19,37.669998,38.330002,37.52,37.990002,1065600,29.018234
"AVY",2010-10-20,38.139999,39.259998,37.970001,39.02,759600,29.804983
"AVY",2010-10-21,39.169998,39.349998,38.529999,38.98,561600,29.774429
"AVY",2010-10-22,38.970001,39.119999,38.700001,38.900002,761400,29.713322
"AVY",2010-10-25,39.209999,39.77,39.209999,39.509998,910600,30.179276
"AVY",2010-10-26,39.220001,39.849998,39.080002,39.16,1448200,29.911915
"AVY",2010-10-27,37.610001,38.650002,37.099998,37.990002,2343200,29.018234
"AVY",2010-10-28,37.75,37.75,36.75,36.779999,1880300,28.093987
"AVY",2010-10-29,36.66,36.919998,36.310001,36.349998,1120600,27.765533
"AVY",2010-11-01,36.529999,36.529999,35.560001,35.799999,1663400,27.345423
"AVY",2010-11-02,36.110001,36.360001,36.02,36.310001,2841300,27.734983
"AVY",2010-11-03,36.32,36.709999,35.950001,36.380001,1555900,27.788454
"AVY",2010-11-04,36.869999,37.860001,36.669998,37.790001,1224700,28.865463
"AVY",2010-11-05,37.779999,38,37.619999,37.990002,884000,29.018234
"AVY",2010-11-08,37.799999,37.990002,37.369999,37.43,782900,28.590473
"AVY",2010-11-09,37.52,37.689999,36.869999,37.009998,1118800,28.269655
"AVY",2010-11-10,36.919998,37.220001,36.830002,37.060001,1067300,28.307858
"AVY",2010-11-11,36.709999,37.240002,36.59,37.099998,1168700,28.338411
"AVY",2010-11-12,36.880001,36.93,36.32,36.439999,615100,27.834286
"AVY",2010-11-15,36.580002,37.080002,36.580002,36.740002,931800,28.063435
"AVY",2010-11-16,36.349998,36.549999,35.849998,36.040001,1458500,27.528751
"AVY",2010-11-17,36.130001,36.34,36.07,36.259998,1408900,27.696781
"AVY",2010-11-18,36.650002,37.290001,36.650002,37.07,848100,28.315493
"AVY",2010-11-19,36.959999,37.73,36.959999,37.720001,992900,28.811996
"AVY",2010-11-22,37.48,37.790001,37.18,37.720001,870700,28.811996
"AVY",2010-11-23,37.240002,37.68,37.099998,37.52,1015100,28.659225
"AVY",2010-11-24,37.630001,38.599998,37.630001,38.41,813400,29.339041
"AVY",2010-11-26,38.09,38.450001,37.93,38.169998,348700,29.155725
"AVY",2010-11-29,37.759998,37.869999,37.110001,37.779999,835400,29.009827
"AVY",2010-11-30,37.439999,37.91,37.360001,37.540001,1015400,28.825537
"AVY",2010-12-01,38.25,38.720001,38.200001,38.59,823600,29.631794
"AVY",2010-12-02,38.560001,39.75,38.509998,39.68,1136800,30.468761
"AVY",2010-12-03,39.57,40.259998,39.5,39.849998,876200,30.599306
"AVY",2010-12-06,39.84,40.130001,39.799999,39.990002,867900,30.706808
"AVY",2010-12-07,40.419998,41.080002,40.25,40.75,1374700,31.290386
"AVY",2010-12-08,40.849998,41.049999,40.549999,40.759998,841800,31.298054
"AVY",2010-12-09,41.009998,41.259998,40.759998,41.099998,575700,31.559137
"AVY",2010-12-10,41.279999,41.41,40.779999,41.380001,617600,31.774143
"AVY",2010-12-13,41.5,41.740002,41.389999,41.389999,662200,31.781797
"AVY",2010-12-14,41.450001,41.970001,41.299999,41.700001,863900,32.019848
"AVY",2010-12-15,41.630001,41.990002,41.630001,41.73,775300,32.042881
"AVY",2010-12-16,41.75,42.490002,41.75,42.189999,831400,32.396103
"AVY",2010-12-17,42.16,42.470001,41.959999,42.299999,1111000,32.48056
"AVY",2010-12-20,42.400002,42.450001,42.099998,42.139999,764400,32.357697
"AVY",2010-12-21,42.279999,42.5,42.040001,42.209999,800800,32.411461
"AVY",2010-12-22,42.200001,42.669998,42.200001,42.470001,663500,32.611103
"AVY",2010-12-23,42.34,42.779999,42.299999,42.43,444900,32.580387
"AVY",2010-12-27,42.240002,42.57,42.23,42.490002,412000,32.626453
"AVY",2010-12-28,42.619999,42.630001,42.16,42.240002,601900,32.434494
"AVY",2010-12-29,42.369999,42.790001,42.330002,42.459999,486900,32.603424
"AVY",2010-12-30,42.360001,42.68,42.27,42.439999,476800,32.588055
"AVY",2010-12-31,42.349998,42.66,42.290001,42.34,438400,32.511272
"AVY",2011-01-03,42.639999,42.639999,41.650002,41.830002,1293200,32.119663
"AVY",2011-01-04,42.029999,42.029999,41.48,41.889999,1562800,32.16573
"AVY",2011-01-05,41.619999,42.34,41.389999,41.610001,919400,31.950727
"AVY",2011-01-06,41.709999,41.77,40.82,41.119999,1119400,31.574484
"AVY",2011-01-07,41.259998,41.580002,40.529999,40.98,866400,31.46699
"AVY",2011-01-10,40.73,41.080002,40.34,40.990002,594000,31.474653
"AVY",2011-01-11,41.259998,41.349998,40.700001,41.060001,642000,31.528419
"AVY",2011-01-12,41.459999,41.919998,41.200001,41.830002,717700,32.119663
"AVY",2011-01-13,41.720001,41.84,41.369999,41.509998,579100,31.873938
"AVY",2011-01-14,41.549999,42.290001,41.369999,42.09,838400,32.319309
"AVY",2011-01-18,42.150002,42.459999,42.119999,42.400002,661500,32.557343
"AVY",2011-01-19,42.279999,42.400002,41.380001,41.57,627400,31.920015
"AVY",2011-01-20,41.48,41.709999,41.240002,41.41,536900,31.797167
"AVY",2011-01-21,41.580002,41.740002,41.240002,41.490002,750000,31.858595
"AVY",2011-01-24,41.5,41.91,41.349998,41.880001,579500,32.158062
"AVY",2011-01-25,41.759998,42.009998,41.470001,42.009998,377400,32.257881
"AVY",2011-01-26,42.189999,42.549999,41.880001,42.330002,408700,32.503605
"AVY",2011-01-27,42.349998,42.389999,41.93,42.130001,613800,32.350029
"AVY",2011-01-28,42.209999,42.5,41.220001,41.389999,916300,31.781797
"AVY",2011-01-31,41.57,42.189999,41.470001,42.09,647900,32.319309
"AVY",2011-02-01,42.369999,42.740002,41.75,41.799999,1308400,32.09663
"AVY",2011-02-02,41.68,42.709999,40.900002,41.110001,1972900,31.566811
"AVY",2011-02-03,41.209999,41.369999,38.810001,39.150002,2877000,30.061796
"AVY",2011-02-04,39.16,39.32,38.389999,38.779999,1392700,29.777697
"AVY",2011-02-07,38.98,39.439999,38.939999,39.200001,1070400,30.100191
"AVY",2011-02-08,39.189999,39.580002,39.150002,39.389999,788900,30.246092
"AVY",2011-02-09,40,40.23,39.509998,40.099998,1999900,30.791265
"AVY",2011-02-10,39.77,39.959999,39.490002,39.759998,1019200,30.530199
"AVY",2011-02-11,39.57,40.360001,39.529999,40.279999,803100,30.929487
"AVY",2011-02-14,40.330002,40.5,40.02,40.41,625900,31.029306
"AVY",2011-02-15,40.18,40.66,40.139999,40.509998,830300,31.106083
"AVY",2011-02-16,40.73,40.990002,40.59,40.950001,621600,31.443949
"AVY",2011-02-17,40.91,41.200001,40.66,41.080002,419900,31.543777
"AVY",2011-02-18,41.099998,41.169998,40.700001,41.099998,832300,31.559137
"AVY",2011-02-22,40.700001,40.799999,39.799999,39.970001,1006900,30.691452
"AVY",2011-02-23,40,40.18,38.990002,39.23,822600,30.123228
"AVY",2011-02-24,39.310001,39.810001,38.830002,39.119999,1003000,30.038769
"AVY",2011-02-25,39.23,39.509998,39.200001,39.360001,576800,30.223053
"AVY",2011-02-28,39.419998,39.93,39.310001,39.919998,1044800,30.848991
"AVY",2011-03-01,40.049999,40.82,39.439999,39.779999,1391800,30.740807
"AVY",2011-03-02,39.73,40.689999,39.599998,40.52,1432900,31.312654
"AVY",2011-03-03,40.91,41.849998,40.91,41.709999,1227000,32.23225
"AVY",2011-03-04,41.700001,41.939999,41.299999,41.5,1516800,32.069973
"AVY",2011-03-07,41.700001,41.849998,40.919998,41.209999,1393600,31.84586
"AVY",2011-03-08,41.23,41.759998,40.720001,41.490002,1225500,32.062244
"AVY",2011-03-09,41.43,41.66,41.029999,41.549999,889600,32.108608
"AVY",2011-03-10,41.110001,41.200001,40.470001,40.779999,977400,31.513569
"AVY",2011-03-11,40.639999,41.82,40.639999,41.580002,864200,32.131798
"AVY",2011-03-14,41.209999,41.779999,41.110001,41.689999,1030200,32.216801
"AVY",2011-03-15,40.490002,41.189999,40.299999,40.990002,1123500,31.675848
"AVY",2011-03-16,40.869999,40.990002,39.810001,40.07,1218900,30.964907
"AVY",2011-03-17,40.82,40.990002,40.130001,40.169998,914900,31.042183
"AVY",2011-03-18,40.889999,41.380001,40.779999,41.099998,1351700,31.760868
"AVY",2011-03-21,41.639999,41.830002,41.52,41.720001,637800,32.239983
"AVY",2011-03-22,41.630001,41.77,41.450001,41.470001,353100,32.046791
"AVY",2011-03-23,41.32,41.5,40.779999,41.32,434000,31.930876
"AVY",2011-03-24,41.560001,41.75,41.09,41.200001,1395000,31.83814
"AVY",2011-03-25,41.209999,41.43,40.939999,41.200001,881800,31.83814
"AVY",2011-03-28,41.310001,41.43,40.919998,40.959999,547100,31.65267
"AVY",2011-03-29,40.91,41.09,40.560001,41.029999,1107300,31.706774
"AVY",2011-03-30,41.290001,42.240002,41.130001,42.119999,1095200,32.549088
"AVY",2011-03-31,41.93,42.18,41.66,41.959999,824400,32.425461
"AVY",2011-04-01,42.32,42.599998,42.009998,42.09,611100,32.525898
"AVY",2011-04-04,42.209999,42.23,41.810001,42.16,485400,32.580002
"AVY",2011-04-05,42.119999,42.529999,41.650002,42.48,585100,32.827282
"AVY",2011-04-06,42.68,42.73,42.349998,42.610001,341200,32.927746
"AVY",2011-04-07,42.529999,42.790001,42.200001,42.509998,390900,32.850471
"AVY",2011-04-08,42.700001,42.82,41.650002,42.049999,558900,32.494995
"AVY",2011-04-11,42.110001,42.299999,41.810001,41.939999,480500,32.409988
"AVY",2011-04-12,41.639999,41.759998,41.16,41.299999,649200,31.915419
"AVY",2011-04-13,41.560001,41.650002,40.91,41.119999,658400,31.776327
"AVY",2011-04-14,40.939999,41.240002,40.5,41.139999,527200,31.791771
"AVY",2011-04-15,41.27,41.919998,41.110001,41.849998,697200,32.340435
"AVY",2011-04-18,41.290001,41.310001,40.849998,41.02,512900,31.699049
"AVY",2011-04-19,41.040001,41.459999,41.02,41.099998,737800,31.760868
"AVY",2011-04-20,41.66,42.029999,41.549999,41.700001,532000,32.224522
"AVY",2011-04-21,41.959999,41.970001,41.490002,41.59,508600,32.139526
"AVY",2011-04-25,41.529999,41.959999,41.380001,41.630001,776600,32.170448
"AVY",2011-04-26,41.889999,43.279999,41.830002,43.110001,1300000,33.314144
"AVY",2011-04-27,43.209999,43.52,42,43.099998,1744000,33.306408
"AVY",2011-04-28,43.080002,43.200001,42.25,42.5,1230100,32.842739
"AVY",2011-04-29,42.52,42.580002,41.380001,41.740002,1384100,32.255428
"AVY",2011-05-02,41.959999,42.299999,41.790001,42.220001,1125000,32.626366
"AVY",2011-05-03,42.169998,42.380001,41.869999,42.139999,705200,32.564529
"AVY",2011-05-04,42.099998,42.279999,41.610001,41.720001,525300,32.239983
"AVY",2011-05-05,41.48,42.16,41.290001,42.02,832500,32.471806
"AVY",2011-05-06,42.630001,43.099998,42.259998,42.330002,872400,32.711376
"AVY",2011-05-09,42.360001,42.630001,42.040001,42.549999,454600,32.881386
"AVY",2011-05-10,42.549999,42.919998,42.529999,42.790001,448900,33.066849
"AVY",2011-05-11,42.720001,42.759998,42.07,42.32,452100,32.703655
"AVY",2011-05-12,42.18,42.450001,41.830002,42.34,619000,32.719101
"AVY",2011-05-13,42.34,42.5,41.689999,41.799999,572700,32.301792
"AVY",2011-05-16,41.700001,42.23,41.540001,41.900002,564200,32.379078
"AVY",2011-05-17,41.73,41.91,41.419998,41.790001,592900,32.294064
"AVY",2011-05-18,41.740002,42.200001,41.43,42.18,633200,32.595459
"AVY",2011-05-19,42.34,42.599998,41.98,42.529999,514500,32.865921
"AVY",2011-05-20,42.490002,42.490002,41.48,41.529999,744000,32.093159
"AVY",2011-05-23,40.98,41.209999,40.75,40.98,491800,31.668133
"AVY",2011-05-24,41.060001,41.32,40.650002,40.790001,470700,31.521317
"AVY",2011-05-25,40.529999,41.439999,40.5,41.18,1657100,31.822687
"AVY",2011-05-26,41.060001,41.830002,40.98,41.650002,1236100,32.18589
"AVY",2011-05-27,41.610001,41.779999,41.41,41.720001,458400,32.434669
"AVY",2011-05-31,42.07,42.369999,41.650002,42.34,801800,32.916679
"AVY",2011-06-01,42.220001,42.220001,41.290001,41.34,1174400,32.13924
"AVY",2011-06-02,41.450001,41.59,41.02,41.380001,752400,32.170345
"AVY",2011-06-03,40.799999,40.799999,40.27,40.34,1242000,31.361809
"AVY",2011-06-06,39.84,40.099998,38.380001,38.439999,2099000,29.884678
"AVY",2011-06-07,38.580002,38.599998,36.959999,37,2515400,28.765167
"AVY",2011-06-08,36.98,37.48,36.450001,37.27,2463800,28.975073
"AVY",2011-06-09,37.490002,37.490002,36.639999,36.98,1277600,28.749617
"AVY",2011-06-10,36.869999,37.099998,36.299999,36.380001,1044400,28.283157
"AVY",2011-06-13,36.490002,36.860001,36.400002,36.700001,1352300,28.531931
"AVY",2011-06-14,37.080002,37.419998,36.84,37.259998,910800,28.967293
"AVY",2011-06-15,36.93,36.950001,36.389999,36.470001,931900,28.353128
"AVY",2011-06-16,36.470001,36.599998,35.950001,36.330002,1262500,28.244282
"AVY",2011-06-17,36.599998,36.869999,36.290001,36.650002,1207000,28.493065
"AVY",2011-06-20,36.439999,36.889999,36.16,36.799999,874000,28.609674
"AVY",2011-06-21,37.049999,37.57,36.990002,37.380001,892400,29.060589
"AVY",2011-06-22,37.18,37.48,37.029999,37.049999,387200,28.804035
"AVY",2011-06-23,36.459999,37.810001,36.459999,37.779999,1353500,29.371561
"AVY",2011-06-24,37.799999,37.880001,37.049999,37.189999,899900,28.91288
"AVY",2011-06-27,37.25,37.650002,37.049999,37.439999,613800,29.107241
"AVY",2011-06-28,37.549999,37.959999,37.490002,37.939999,664600,29.495966
"AVY",2011-06-29,38.09,38.389999,37.77,38.09,494500,29.612564
"AVY",2011-06-30,38.240002,38.91,38.189999,38.630001,852800,30.032381
"AVY",2011-07-01,38.57,39.209999,38.470001,39.02,683200,30.335575
"AVY",2011-07-05,38.970001,38.970001,38.400002,38.57,613800,29.985743
"AVY",2011-07-06,38.529999,38.709999,38.189999,38.450001,1339200,29.892448
"AVY",2011-07-07,38.860001,39.639999,38.779999,39.59,1046600,30.778725
"AVY",2011-07-08,39.060001,39.23,38.810001,39.119999,598200,30.41333
"AVY",2011-07-11,38.639999,38.790001,38.349998,38.490002,801300,29.92355
"AVY",2011-07-12,38.610001,38.740002,38.279999,38.310001,645500,29.783596
"AVY",2011-07-13,38.470001,38.869999,38.27,38.330002,544500,29.799154
"AVY",2011-07-14,38.470001,38.84,38,38.18,663000,29.682539
"AVY",2011-07-15,38.360001,38.450001,38.060001,38.41,717700,29.861351
"AVY",2011-07-18,38.220001,38.41,37.73,37.810001,608600,29.394892
"AVY",2011-07-19,33.130001,33.93,32.549999,32.650002,6990300,25.38332
"AVY",2011-07-20,32.580002,33.049999,32.200001,32.860001,3602400,25.546576
"AVY",2011-07-21,32.959999,33.580002,32.73,33.450001,1785900,26.005262
"AVY",2011-07-22,33.419998,33.720001,33.279999,33.689999,1080800,26.191851
"AVY",2011-07-25,33.259998,33.540001,33,33.34,1411700,25.91975
"AVY",2011-07-26,33.619999,33.66,32.82,33.029999,1823700,25.67874
"AVY",2011-07-27,32.77,33.009998,31.5,31.65,2825600,24.605879
"AVY",2011-07-28,31.940001,32.049999,31.540001,31.540001,1396600,24.520357
"AVY",2011-07-29,31.24,31.91,30.92,31.549999,1774300,24.528133
"AVY",2011-08-01,31.9,32.040001,30.82,31.450001,1746800,24.450394
"AVY",2011-08-02,31.09,31.34,30.110001,30.110001,1301300,23.408632
"AVY",2011-08-03,30.110001,30.48,29.610001,29.99,1853100,23.315332
"AVY",2011-08-04,29.58,29.620001,28.93,28.99,2517500,22.537899
"AVY",2011-08-05,29.49,29.549999,28.389999,29.120001,1829600,22.638962
"AVY",2011-08-08,28.48,29.110001,26.290001,26.299999,3045800,20.44659
"AVY",2011-08-09,26.790001,27.059999,25.85,26.99,5077600,20.983017
"AVY",2011-08-10,26.51,26.58,25.950001,26.02,3163300,20.228912
"AVY",2011-08-11,26.209999,27.43,26.030001,27.08,2241700,21.052996
"AVY",2011-08-12,27.139999,27.52,26.879999,27.42,1264900,21.31732
"AVY",2011-08-15,27.610001,27.74,27.299999,27.66,985900,21.503908
"AVY",2011-08-16,27.370001,27.620001,27.07,27.25,1217800,21.18515
"AVY",2011-08-17,27.389999,27.709999,27.16,27.450001,1275900,21.340645
"AVY",2011-08-18,26.75,26.75,26,26.27,2743700,20.423267
"AVY",2011-08-19,25.9,26.959999,25.870001,26.049999,1297400,20.252232
"AVY",2011-08-22,26.709999,26.76,25.25,25.299999,2124600,19.669153
"AVY",2011-08-23,25.5,26.530001,25.280001,26.530001,1271700,20.625399
"AVY",2011-08-24,26.459999,27.360001,26.24,27.33,1089500,21.247353
"AVY",2011-08-25,27.42,27.59,26.559999,26.92,2998000,20.9286
"AVY",2011-08-26,26.58,27.450001,26.26,27.42,2359000,21.31732
"AVY",2011-08-29,27.870001,28.83,27.700001,28.799999,2622200,22.390184
"AVY",2011-08-30,28.52,29.18,28.370001,29.059999,852400,22.592314
"AVY",2011-08-31,29.219999,29.51,28.860001,29.110001,771900,22.631189
"AVY",2011-09-01,29.030001,29.219999,28.290001,28.370001,1147300,22.055887
"AVY",2011-09-02,27.51,28.27,27.02,27.110001,1017800,21.263699
"AVY",2011-09-06,26.23,26.59,26.07,26.309999,1053900,20.636211
"AVY",2011-09-07,26.84,27.450001,26.84,27.42,1032800,21.506838
"AVY",2011-09-08,27.25,27.59,26.799999,26.860001,655700,21.0676
"AVY",2011-09-09,26.68,26.68,25.74,25.950001,750800,20.353849
"AVY",2011-09-12,25.629999,26.129999,24.969999,25.780001,1327400,20.220505
"AVY",2011-09-13,25.809999,26.610001,25.77,26.379999,1190900,20.691116
"AVY",2011-09-14,26.549999,27.530001,25.889999,27.049999,1099900,21.216639
"AVY",2011-09-15,27.440001,27.85,27.18,27.690001,1032500,21.718613
"AVY",2011-09-16,27.82,28.15,27.66,27.780001,1069500,21.789202
"AVY",2011-09-19,27.24,27.530001,26.75,27.389999,1315900,21.483313
"AVY",2011-09-20,27.49,28.209999,27.25,27.290001,1040000,21.404873
"AVY",2011-09-21,27.16,27.59,25.9,25.92,1109900,20.330322
"AVY",2011-09-22,25.049999,25.4,24.84,25.059999,2043200,19.655773
"AVY",2011-09-23,24.940001,25.98,24.9,25.860001,1436800,20.283253
"AVY",2011-09-26,26.059999,26.27,25.559999,26.219999,2183700,20.565624
"AVY",2011-09-27,26.780001,27.35,26.23,26.379999,1523500,20.691116
"AVY",2011-09-28,26.51,26.85,25.66,25.690001,1283700,20.149921
"AVY",2011-09-29,26.26,26.799999,25.9,26.48,1269100,20.769556
"AVY",2011-09-30,26.15,26.34,25.08,25.08,1436100,19.671461
"AVY",2011-10-03,24.93,25.43,23.959999,23.969999,1661000,18.800837
"AVY",2011-10-04,23.59,25.379999,23.52,25.35,1704400,19.883242
"AVY",2011-10-05,25.35,26.49,25.16,26.4,1383300,20.70681
"AVY",2011-10-06,26.299999,26.620001,25.93,26.58,1635200,20.847986
"AVY",2011-10-07,26.77,26.83,25.98,26.4,1545700,20.70681
"AVY",2011-10-10,26.940001,27.15,26.559999,27.059999,1043700,21.224472
"AVY",2011-10-11,26.790001,27.08,26.49,26.709999,1082200,20.949955
"AVY",2011-10-12,26.879999,27.41,26.83,27.110001,1272600,21.263699
"AVY",2011-10-13,27,27.07,26.280001,26.889999,833700,21.091133
"AVY",2011-10-14,27.280001,27.65,26.959999,27.540001,966400,21.600967
"AVY",2011-10-17,27.309999,27.309999,26,26.07,1385600,20.447975
"AVY",2011-10-18,26.08,27.200001,25.950001,27.030001,1735400,21.200947
"AVY",2011-10-19,26.860001,26.860001,25.379999,25.440001,2710500,19.953831
"AVY",2011-10-20,25.389999,25.83,25.219999,25.549999,1764500,20.040112
"AVY",2011-10-21,25.83,26.41,25.610001,26.4,1639000,20.70681
"AVY",2011-10-24,26.51,27.43,26.27,27.25,1237200,21.373499
"AVY",2011-10-25,26.91,26.950001,26.110001,26.27,1843300,20.604841
"AVY",2011-10-26,24.959999,25.66,24.459999,25.4,4864100,19.922457
"AVY",2011-10-27,26.49,28.389999,26.280001,27.799999,3652100,21.804895
"AVY",2011-10-28,27.73,28.040001,27.23,27.440001,1772300,21.522524
"AVY",2011-10-31,27.02,27.26,26.59,26.6,1609100,20.863676
"AVY",2011-11-01,25.719999,26.059999,25.280001,25.6,2036000,20.079332
"AVY",2011-11-02,26.209999,26.540001,25.83,26.15,1260600,20.510717
"AVY",2011-11-03,26.48,26.98,26.02,26.92,1312600,21.114668
"AVY",2011-11-04,26.58,26.780001,26.08,26.610001,1146800,20.871517
"AVY",2011-11-07,26.780001,26.969999,25.879999,26.34,1299300,20.659744
"AVY",2011-11-08,26.5,26.76,25.9,26.530001,960100,20.808769
"AVY",2011-11-09,25.84,25.98,25.299999,25.43,1125800,19.945988
"AVY",2011-11-10,25.790001,25.940001,25.290001,25.629999,1113500,20.102858
"AVY",2011-11-11,26.049999,26.200001,25.860001,26.030001,1412900,20.416597
"AVY",2011-11-14,25.77,26.629999,25.639999,26.540001,3126500,20.816618
"AVY",2011-11-15,26.440001,27.16,26.190001,27.030001,1460100,21.200947
"AVY",2011-11-16,26.790001,26.99,26.389999,26.42,1016700,20.722498
"AVY",2011-11-17,26.389999,26.459999,25.860001,26.059999,1064800,20.440125
"AVY",2011-11-18,26.200001,26.280001,25.799999,26.049999,680800,20.432281
"AVY",2011-11-21,25.6,25.620001,24.969999,25.219999,1070300,19.781267
"AVY",2011-11-22,25.17,25.190001,24.709999,24.870001,799000,19.506754
"AVY",2011-11-23,24.610001,24.66,24.01,24.08,918600,18.887115
"AVY",2011-11-25,23.98,24.73,23.98,24.25,486900,19.020452
"AVY",2011-11-28,25.1,25.200001,24.700001,24.9,866900,19.530281
"AVY",2011-11-29,25.040001,25.530001,24.84,25.290001,932800,19.836174
"AVY",2011-11-30,26.030001,26.219999,25.67,26.209999,1909000,20.557779
"AVY",2011-12-01,26.25,27.049999,26.25,26.9,1270900,21.09898
"AVY",2011-12-02,27.280001,27.379999,26.65,26.969999,2183200,21.153883
"AVY",2011-12-05,26.959999,27.379999,26.84,27.299999,1911000,21.61306
"AVY",2011-12-06,27.4,27.940001,27.07,27.719999,1397400,21.94557
"AVY",2011-12-07,27.540001,27.959999,27.190001,27.82,1084000,22.024738
"AVY",2011-12-08,27.540001,27.6,27.02,27.1,1298800,21.454725
"AVY",2011-12-09,27.280001,28.709999,27.26,28.559999,1612400,22.610594
"AVY",2011-12-12,28.09,28.15,27.34,28.059999,1682900,22.214743
"AVY",2011-12-13,28.24,28.49,27.24,27.440001,1511800,21.723894
"AVY",2011-12-14,27.309999,27.629999,26.9,27.120001,1322000,21.47056
"AVY",2011-12-15,27.52,27.549999,27.120001,27.280001,1062600,21.597233
"AVY",2011-12-16,27.559999,27.99,27.23,27.469999,3863200,21.747648
"AVY",2011-12-19,27.690001,27.83,26.68,26.799999,1033600,21.217218
"AVY",2011-12-20,27.389999,27.98,27.389999,27.91,923700,22.095991
"AVY",2011-12-21,27.9,28.049999,27.43,27.950001,821900,22.127663
"AVY",2011-12-22,28.049999,28.440001,27.99,28.35,801700,22.444328
"AVY",2011-12-23,28.57,28.66,28.26,28.639999,566800,22.673923
"AVY",2011-12-27,28.469999,28.73,28.389999,28.620001,496200,22.658085
"AVY",2011-12-28,28.65,28.65,28.280001,28.389999,1091200,22.476002
"AVY",2011-12-29,28.49,28.799999,28.299999,28.77,596900,22.776848
"AVY",2011-12-30,28.76,28.82,28.43,28.68,688200,22.705591
"AVY",2012-01-03,29.540001,30.1,29.040001,29.309999,2419600,23.204355
"AVY",2012-01-04,29.280001,29.450001,28.540001,29.43,1592500,23.299355
"AVY",2012-01-05,29.139999,29.540001,28.73,29.23,1526300,23.14102
"AVY",2012-01-06,29.25,30.309999,28.98,29.59,1551900,23.426027
"AVY",2012-01-09,29.75,29.85,29.32,29.459999,659100,23.323107
"AVY",2012-01-10,29.91,30.15,29.57,29.65,685500,23.473524
"AVY",2012-01-11,29.540001,29.950001,29.379999,29.799999,598400,23.592281
"AVY",2012-01-12,29.92,30.120001,29.559999,29.74,894600,23.544783
"AVY",2012-01-13,29.49,29.52,28.790001,28.799999,1153900,22.800592
"AVY",2012-01-17,29.23,29.23,28.389999,28.42,1406100,22.499754
"AVY",2012-01-18,28.43,28.940001,28.209999,28.9,1473500,22.879763
"AVY",2012-01-19,29.030001,29.49,28.860001,29.34,1007700,23.228109
"AVY",2012-01-20,29.27,29.51,29.049999,29.219999,761100,23.133095
"AVY",2012-01-23,29.26,29.33,28.879999,28.93,531400,22.903511
"AVY",2012-01-24,28.809999,28.879999,28.549999,28.610001,896400,22.650181
"AVY",2012-01-25,28.57,28.76,28.360001,28.700001,997400,22.72142
"AVY",2012-01-26,28.889999,29.309999,28.860001,29.24,1031400,23.148932
"AVY",2012-01-27,29.129999,29.389999,28.74,28.780001,881000,22.784761
"AVY",2012-01-30,28.57,28.719999,28.030001,28.700001,1253800,22.72142
"AVY",2012-01-31,26.540001,27.43,25.52,27.15,4866200,21.494305
"AVY",2012-02-01,28.02,28.85,28.02,28.530001,3238600,22.586838
"AVY",2012-02-02,28.59,29.1,28.57,28.790001,1878200,22.792677
"AVY",2012-02-03,29.120001,29.23,28.540001,28.559999,1416100,22.610594
"AVY",2012-02-06,28.49,28.860001,28.370001,28.84,798300,22.832264
"AVY",2012-02-07,28.799999,29.5,28.65,29.440001,1488000,23.30727
"AVY",2012-02-08,29.5,29.950001,29.440001,29.77,1635300,23.568533
"AVY",2012-02-09,29.83,30.030001,29.43,29.75,1656400,23.552702
"AVY",2012-02-10,29.389999,29.5,28.99,29.200001,1554900,23.117262
"AVY",2012-02-13,29.42,29.9,29.35,29.889999,1133800,23.66353
"AVY",2012-02-14,29.83,29.83,29.08,29.35,1847700,23.236017
"AVY",2012-02-15,29.549999,29.58,28.940001,29.18,811200,23.101433
"AVY",2012-02-16,29.209999,30.110001,29.17,29.84,956900,23.623947
"AVY",2012-02-17,30.07,30.290001,29.65,30.24,836800,23.940617
"AVY",2012-02-21,30.41,30.75,30.26,30.33,661600,24.011873
"AVY",2012-02-22,30.23,30.610001,30.209999,30.360001,929300,24.035624
"AVY",2012-02-23,30.299999,30.950001,30.049999,30.85,1279100,24.423548
"AVY",2012-02-24,30.92,31.1,30.77,30.799999,1317800,24.383966
"AVY",2012-02-27,30.68,31.1,30.48,31.030001,972600,24.566057
"AVY",2012-02-28,31.08,31.110001,30.68,30.860001,741500,24.431469
"AVY",2012-02-29,30.940001,31.290001,30.469999,30.5,749000,24.146461
"AVY",2012-03-01,30.5,30.870001,29.66,29.91,1852100,23.679365
"AVY",2012-03-02,29.93,30.49,29.799999,29.969999,1381500,23.726866
"AVY",2012-03-05,29.74,29.74,29.17,29.49,1081400,23.559093
"AVY",2012-03-06,29.08,29.290001,28.459999,28.5,1564400,22.768206
"AVY",2012-03-07,28.51,28.74,28.040001,28.309999,1064900,22.616417
"AVY",2012-03-08,28.49,28.879999,28.17,28.77,1425300,22.983904
"AVY",2012-03-09,28.76,29.469999,28.76,29.15,561600,23.287483
"AVY",2012-03-12,29.08,29.389999,29.02,29.059999,465000,23.21558
"AVY",2012-03-13,29.190001,29.66,28.98,29.620001,754700,23.662952
"AVY",2012-03-14,29.58,29.83,29.27,29.389999,505300,23.479214
"AVY",2012-03-15,29.370001,29.85,29.07,29.809999,985600,23.814741
"AVY",2012-03-16,29.82,30.02,29.68,29.91,973000,23.894638
"AVY",2012-03-19,29.9,30.18,29.75,29.9,981500,23.88665
"AVY",2012-03-20,29.67,29.76,29.389999,29.41,645600,23.49519
"AVY",2012-03-21,29.42,29.450001,29.040001,29.27,613900,23.383345
"AVY",2012-03-22,29,29.09,28.530001,28.68,674900,22.912006
"AVY",2012-03-23,28.690001,29.190001,28.58,29.110001,774500,23.255527
"AVY",2012-03-26,29.43,29.85,29.299999,29.809999,762300,23.814741
"AVY",2012-03-27,29.84,30.6,29.84,30.360001,1519100,24.254129
"AVY",2012-03-28,30.34,30.48,29.93,30.139999,1118300,24.078377
"AVY",2012-03-29,29.83,30.27,29.76,30.17,642600,24.102345
"AVY",2012-03-30,30.459999,30.469999,29.969999,30.129999,959200,24.070383
"AVY",2012-04-02,29.84,30.33,29.73,30.02,1168900,23.98251
"AVY",2012-04-03,29.969999,30.139999,29.75,29.889999,1102100,23.878653
"AVY",2012-04-04,29.65,29.860001,29.4,29.77,1131800,23.782785
"AVY",2012-04-05,29.59,30.07,29.51,29.860001,1099600,23.854692
"AVY",2012-04-09,29.309999,29.780001,29.309999,29.68,1162800,23.710892
"AVY",2012-04-10,29.59,29.59,28.68,28.799999,1362100,23.007875
"AVY",2012-04-11,29.139999,29.709999,29.030001,29.68,1144300,23.710892
"AVY",2012-04-12,29.73,30.790001,29.709999,30.639999,1106700,24.477821
"AVY",2012-04-13,30.52,30.52,29.9,30.32,1318000,24.222176
"AVY",2012-04-16,30.51,30.82,30.1,30.389999,634700,24.278095
"AVY",2012-04-17,30.639999,31.370001,30.620001,31.17,937300,24.901224
"AVY",2012-04-18,30.969999,31.24,30.719999,31.139999,716200,24.877264
"AVY",2012-04-19,31.190001,31.52,30.719999,30.889999,797700,24.677547
"AVY",2012-04-20,31,31.68,30.98,31.07,1267200,24.821337
"AVY",2012-04-23,30.629999,30.940001,30.17,30.870001,818900,24.661556
"AVY",2012-04-24,30.9,31.360001,30.85,31.280001,851300,24.989103
"AVY",2012-04-25,31.66,32.099998,31.379999,31.530001,1161600,25.188831
"AVY",2012-04-26,31.549999,32.459999,31.280001,32.349998,1205200,25.843912
"AVY",2012-04-27,32.470001,32.509998,32.200001,32.389999,896100,25.875858
"AVY",2012-04-30,32.349998,32.360001,31.91,31.98,1201900,25.548325
"AVY",2012-05-01,31.92,32.639999,31.82,32.360001,1099900,25.851898
"AVY",2012-05-02,32.119999,32.540001,31.889999,32.419998,801200,25.899832
"AVY",2012-05-03,32.459999,32.779999,32.259998,32.27,1062600,25.779995
"AVY",2012-05-04,32.07,32.169998,31.25,31.450001,1449700,25.124916
"AVY",2012-05-07,31.32,31.65,31.27,31.290001,917100,24.997097
"AVY",2012-05-08,31.15,31.15,30.48,31,1179800,24.765415
"AVY",2012-05-09,30.58,31.01,30.43,30.780001,1181800,24.589664
"AVY",2012-05-10,31.049999,31.16,30.610001,30.68,815400,24.509775
"AVY",2012-05-11,30.5,31.02,30.389999,30.73,706100,24.549715
"AVY",2012-05-14,30.34,30.5,30.120001,30.200001,742000,24.126308
"AVY",2012-05-15,30.26,30.459999,29.809999,29.889999,733100,23.878653
"AVY",2012-05-16,30.01,30.299999,29.459999,29.51,922200,23.575081
"AVY",2012-05-17,29.559999,29.709999,28.91,28.91,727200,23.095751
"AVY",2012-05-18,29.049999,29.219999,28.58,28.68,887100,22.912006
"AVY",2012-05-21,28.83,29.25,28.49,29.09,1160300,23.239552
"AVY",2012-05-22,29.309999,29.309999,28.790001,29,1050700,23.167646
"AVY",2012-05-23,28.74,29.49,28.719999,29.41,1128000,23.49519
"AVY",2012-05-24,29.07,29.49,28.9,29.33,978800,23.431282
"AVY",2012-05-25,29.35,29.58,29.26,29.450001,892300,23.527151
"AVY",2012-05-29,29.540001,30.459999,29.5,30.43,680600,24.310055
"AVY",2012-05-30,30.059999,30.18,29.200001,29.200001,1069900,23.327423
"AVY",2012-05-31,29.219999,29.25,28.85,29.110001,1512000,23.255527
"AVY",2012-06-01,28.85,28.85,28.049999,28.120001,963300,22.464632
"AVY",2012-06-04,28.030001,28.120001,27.139999,27.360001,1161300,22.069382
"AVY",2012-06-05,27.299999,27.780001,27.24,27.370001,968100,22.07745
"AVY",2012-06-06,27.690001,28.209999,27.530001,28.209999,802600,22.755013
"AVY",2012-06-07,28.450001,29.32,28.01,28.09,850800,22.658222
"AVY",2012-06-08,27.93,28.559999,27.790001,28.32,1258900,22.843744
"AVY",2012-06-11,28.66,28.67,27.75,27.82,765000,22.440432
"AVY",2012-06-12,27.92,28.040001,27.58,27.700001,1205300,22.343636
"AVY",2012-06-13,27.629999,27.66,26.959999,27.02,974600,21.795126
"AVY",2012-06-14,27.1,27.299999,26.83,27.059999,1170400,21.827389
"AVY",2012-06-15,27.25,27.83,27.190001,27.809999,1362800,22.432367
"AVY",2012-06-18,27.65,27.870001,27.52,27.76,597300,22.392025
"AVY",2012-06-19,27.84,28.65,27.84,28.389999,749700,22.900209
"AVY",2012-06-20,28.35,28.5,27.969999,28.059999,911300,22.634018
"AVY",2012-06-21,28.16,28.27,27.379999,27.4,607900,22.101648
"AVY",2012-06-22,27.639999,27.68,27.309999,27.51,997800,22.190374
"AVY",2012-06-25,27.139999,27.15,26.540001,26.549999,856400,21.416008
"AVY",2012-06-26,26.719999,26.77,26.18,26.379999,1213900,21.278887
"AVY",2012-06-27,26.549999,26.709999,26.27,26.629999,901000,21.480543
"AVY",2012-06-28,26.440001,26.809999,26.32,26.73,692000,21.561209
"AVY",2012-06-29,27.42,27.51,27.200001,27.34,581100,22.053244
"AVY",2012-07-02,27.49,27.549999,27.01,27.219999,738300,21.95645
"AVY",2012-07-03,27.219999,27.82,26.98,27.77,408500,22.400097
"AVY",2012-07-05,27.620001,27.77,27.299999,27.41,604000,22.109709
"AVY",2012-07-06,27.02,27.379999,26.959999,27.370001,1007600,22.07745
"AVY",2012-07-09,27.26,27.440001,27.030001,27.43,998300,22.125849
"AVY",2012-07-10,27.49,27.799999,27.370001,27.51,1348600,22.190374
"AVY",2012-07-11,27.530001,27.870001,27.450001,27.799999,1175400,22.424294
"AVY",2012-07-12,27.6,27.620001,27.32,27.370001,1257000,22.07745
"AVY",2012-07-13,27.469999,28.1,27.43,28.02,635100,22.601753
"AVY",2012-07-16,28,28.25,27.709999,28.139999,655100,22.698551
"AVY",2012-07-17,28.16,28.66,27.889999,28.59,661900,23.061535
"AVY",2012-07-18,28.540001,29.25,28.49,29.120001,627800,23.48905
"AVY",2012-07-19,29.26,29.5,29.17,29.309999,1050600,23.642307
"AVY",2012-07-20,29.139999,29.49,28.700001,28.74,1089800,23.182533
"AVY",2012-07-23,28.120001,28.379999,27.790001,28.24,720900,22.779221
"AVY",2012-07-24,28.32,30.879999,28.32,30.309999,3070400,24.448936
"AVY",2012-07-25,29.98,30.4,29.52,29.91,1282000,24.126284
"AVY",2012-07-26,30.610001,30.809999,29.969999,30.309999,888800,24.448936
"AVY",2012-07-27,30.58,31.290001,30.469999,30.870001,1020200,24.900654
"AVY",2012-07-30,30.870001,31.33,30.709999,31.32,816500,25.263636
"AVY",2012-07-31,31.23,31.370001,30.780001,30.790001,1064300,24.836126
"AVY",2012-08-01,30.940001,31.27,30.709999,30.719999,1066700,24.779657
"AVY",2012-08-02,30.559999,30.809999,30.16,30.540001,887900,24.634462
"AVY",2012-08-03,31.059999,31.469999,31.030001,31.120001,590200,25.102304
"AVY",2012-08-06,31.25,31.4,30.959999,31.23,654000,25.191032
"AVY",2012-08-07,31.370001,31.620001,31.17,31.48,578900,25.392693
"AVY",2012-08-08,31.24,31.870001,31.24,31.620001,647400,25.505625
"AVY",2012-08-09,31.610001,31.799999,31.469999,31.57,636900,25.465288
"AVY",2012-08-10,31.440001,31.790001,31.27,31.77,646400,25.626616
"AVY",2012-08-13,31.719999,31.950001,31.389999,31.559999,473200,25.457232
"AVY",2012-08-14,31.77,31.809999,31.360001,31.459999,470200,25.376566
"AVY",2012-08-15,31.290001,31.51,31.219999,31.290001,534400,25.239433
"AVY",2012-08-16,31.25,31.959999,31.25,31.84,557700,25.683083
"AVY",2012-08-17,31.91,32.130001,31.83,32.040001,609000,25.844406
"AVY",2012-08-20,31.940001,32.23,31.780001,31.959999,479600,25.779873
"AVY",2012-08-21,32.07,32.259998,31.73,31.889999,630600,25.723417
"AVY",2012-08-22,31.82,31.84,31.51,31.610001,498800,25.497557
"AVY",2012-08-23,31.59,31.59,31.18,31.33,548000,25.2717
"AVY",2012-08-24,31.290001,31.59,31.200001,31.5,518700,25.408831
"AVY",2012-08-27,31.59,31.639999,31,31.02,543400,25.021643
"AVY",2012-08-28,31.01,31.23,30.860001,31.07,413900,25.061975
"AVY",2012-08-29,31.08,31.719999,31.049999,31.370001,535600,25.303965
"AVY",2012-08-30,31.17,31.190001,30.77,31,436000,25.00551
"AVY",2012-08-31,31.120001,31.42,30.85,31.23,712700,25.412367
"AVY",2012-09-04,31.25,31.25,28.91,29.6,2486400,24.08601
"AVY",2012-09-05,29.389999,30.040001,29.219999,29.860001,1679500,24.297585
"AVY",2012-09-06,30.17,30.91,30.059999,30.809999,819100,25.070616
"AVY",2012-09-07,30.639999,30.93,30.639999,30.76,478300,25.029922
"AVY",2012-09-10,30.66,31.049999,30.6,30.610001,532900,24.907864
"AVY",2012-09-11,30.6,30.860001,30.530001,30.690001,664800,24.972956
"AVY",2012-09-12,30.83,30.98,30.450001,30.639999,921100,24.932278
"AVY",2012-09-13,30.66,31.08,30.379999,30.950001,828100,25.18453
"AVY",2012-09-14,30.9,31.969999,30.9,31.84,982300,25.908741
"AVY",2012-09-17,31.75,31.75,31.299999,31.440001,536100,25.583248
"AVY",2012-09-18,31.42,31.42,30.959999,31.17,421600,25.363544
"AVY",2012-09-19,31.16,31.469999,31.16,31.280001,415900,25.453054
"AVY",2012-09-20,31.09,31.1,30.77,30.85,666300,25.103159
"AVY",2012-09-21,31.02,31.219999,30.639999,31.16,1061500,25.355415
"AVY",2012-09-24,30.93,31.43,30.92,31.280001,838900,25.453054
"AVY",2012-09-25,31.360001,31.540001,31.040001,31.200001,972900,25.387959
"AVY",2012-09-26,31.18,31.4,31.09,31.26,564100,25.436779
"AVY",2012-09-27,31.4,31.76,31.110001,31.67,646700,25.770401
"AVY",2012-09-28,31.65,31.9,31.15,31.82,851200,25.892462
"AVY",2012-10-01,31.940001,32.299999,31.790001,31.889999,779000,25.949425
"AVY",2012-10-02,31.940001,32.099998,31.6,31.809999,822900,25.884329
"AVY",2012-10-03,31.83,31.9,31.309999,31.450001,588500,25.591387
"AVY",2012-10-04,29.719999,30.52,29.5,30.07,1864200,24.468458
"AVY",2012-10-05,30.01,30.299999,29.700001,30.049999,1084800,24.452187
"AVY",2012-10-08,29.969999,30.190001,29.950001,30.02,824500,24.427771
"AVY",2012-10-09,30.059999,30.139999,29.879999,29.9,640100,24.330126
"AVY",2012-10-10,29.860001,30.17,29.82,29.879999,808000,24.313852
"AVY",2012-10-11,30.110001,30.360001,30.02,30.040001,552900,24.44405
"AVY",2012-10-12,30.1,30.25,29.530001,29.549999,624700,24.045324
"AVY",2012-10-15,29.540001,30.1,29.34,30.08,492700,24.476597
"AVY",2012-10-16,30.24,30.540001,30.18,30.41,528600,24.745125
"AVY",2012-10-17,30.52,31.18,30.42,31.120001,706800,25.322859
"AVY",2012-10-18,31.040001,31.040001,30.690001,30.84,767900,25.095026
"AVY",2012-10-19,30.76,30.76,30.190001,30.34,569600,24.688162
"AVY",2012-10-22,30.200001,30.379999,29.85,30.08,450700,24.476597
"AVY",2012-10-23,29.66,30.02,29.27,29.75,587100,24.208071
"AVY",2012-10-24,31.92,33.869999,31.52,32.25,2020500,26.242361
"AVY",2012-10-25,32.5,32.990002,32.290001,32.459999,919400,26.41324
"AVY",2012-10-26,32.5,32.599998,31.809999,32.25,747900,26.242361
"AVY",2012-10-31,32.369999,33.369999,32.169998,32.380001,643800,26.34815
"AVY",2012-11-01,32.400002,32.950001,32.310001,32.860001,563100,26.738731
"AVY",2012-11-02,33.279999,34.169998,33.110001,33.200001,1013600,27.015394
"AVY",2012-11-05,33.029999,33.84,32.799999,33.709999,801700,27.430384
"AVY",2012-11-06,33.740002,34.16,33.470001,34.060001,1020100,27.715189
"AVY",2012-11-07,33.82,33.860001,32.98,33.330002,786900,27.121172
"AVY",2012-11-08,33.330002,33.709999,32.98,32.98,791100,26.83637
"AVY",2012-11-09,32.91,33.52,32.860001,32.98,530700,26.83637
"AVY",2012-11-12,32.990002,33.240002,32.529999,32.799999,518300,26.689905
"AVY",2012-11-13,32.799999,33.029999,32.5,32.549999,519200,26.486469
"AVY",2012-11-14,32.610001,32.849998,32.119999,32.23,995900,26.226091
"AVY",2012-11-15,32.220001,32.419998,31.700001,31.76,659600,25.843643
"AVY",2012-11-16,31.790001,32.029999,31.379999,31.99,674100,26.030796
"AVY",2012-11-19,32.380001,32.75,32.139999,32.369999,577200,26.340002
"AVY",2012-11-20,32.380001,33.09,32.189999,33.060001,598300,26.901476
"AVY",2012-11-21,33.049999,33.450001,33.02,33.23,379400,27.039812
"AVY",2012-11-23,33.349998,33.82,33.02,33.790001,216900,27.495483
"AVY",2012-11-26,33.700001,35.32,33.630001,33.849998,746800,27.544308
"AVY",2012-11-27,33.75,33.959999,32.990002,33.650002,505900,27.381571
"AVY",2012-11-28,33.57,33.759998,32.990002,33.700001,472500,27.422247
"AVY",2012-11-29,33.66,34.09,33.389999,33.630001,462200,27.365299
"AVY",2012-11-30,33.639999,33.900002,33.209999,33.450001,831300,27.218824
"AVY",2012-12-03,33.529999,33.529999,32.959999,33.099998,513500,27.153198
"AVY",2012-12-04,33.080002,33.470001,32.950001,33.290001,342200,27.309052
"AVY",2012-12-05,33.259998,33.450001,32.869999,33.25,445900,27.276249
"AVY",2012-12-06,33.220001,33.57,33.07,33.48,557800,27.464924
"AVY",2012-12-07,33.48,33.560001,33.299999,33.549999,385500,27.522346
"AVY",2012-12-10,33.509998,34.240002,33.43,33.880001,756000,27.793056
"AVY",2012-12-11,33.959999,34.189999,33.849998,34.09,616700,27.965328
"AVY",2012-12-12,34.150002,34.299999,33.93,34.02,585000,27.907909
"AVY",2012-12-13,33.990002,34.150002,33.73,33.919998,530600,27.825869
"AVY",2012-12-14,33.869999,34.27,33.540001,34,563200,27.891502
"AVY",2012-12-17,34.07,34.150002,33.830002,34.09,656200,27.965328
"AVY",2012-12-18,34.130001,34.889999,34.029999,34.759998,576400,28.514948
"AVY",2012-12-19,34.759998,34.970001,34.439999,34.73,784500,28.490351
"AVY",2012-12-20,34.720001,34.98,34.549999,34.970001,609400,28.687229
"AVY",2012-12-21,34.639999,34.93,34.389999,34.77,1605300,28.523155
"AVY",2012-12-24,34.759998,34.849998,34.57,34.759998,211800,28.514948
"AVY",2012-12-26,34.810001,34.98,34.529999,34.759998,446200,28.514948
"AVY",2012-12-27,34.77,34.970001,34.57,34.889999,757800,28.621597
"AVY",2012-12-28,34.709999,34.93,34.400002,34.400002,724400,28.219629
"AVY",2012-12-31,34.299999,34.959999,34.18,34.919998,550800,28.646206
"AVY",2013-01-02,35.349998,35.66,35.25,35.48,1272200,29.105602
"AVY",2013-01-03,36.169998,36.169998,35.360001,35.73,1113200,29.310677
"AVY",2013-01-04,35.860001,36.599998,35.799999,36.439999,1123200,29.893126
"AVY",2013-01-07,36.25,36.759998,36.25,36.68,797200,30.089998
"AVY",2013-01-08,36.630001,36.68,35.970001,35.970001,792600,29.507563
"AVY",2013-01-09,36.02,36.509998,36.02,36.200001,1083800,29.696249
"AVY",2013-01-10,36.41,36.419998,35.950001,36.049999,714600,29.573193
"AVY",2013-01-11,36,36.25,35.790001,35.860001,709700,29.417326
"AVY",2013-01-14,35.889999,36.009998,35.689999,35.959999,480800,29.499359
"AVY",2013-01-15,35.779999,35.98,35.52,35.959999,365600,29.499359
"AVY",2013-01-16,35.869999,36.02,35.740002,35.849998,638700,29.409121
"AVY",2013-01-17,36,36.060001,35.740002,35.98,717100,29.515779
"AVY",2013-01-18,35.849998,36.02,35.68,35.93,731400,29.474747
"AVY",2013-01-22,35.869999,35.990002,35.560001,35.799999,884300,29.368107
"AVY",2013-01-23,35.68,36.02,35.66,35.990002,727900,29.523972
"AVY",2013-01-24,36.009998,36.130001,35.779999,35.939999,1020600,29.482954
"AVY",2013-01-25,36.07,36.110001,35.84,36,1020500,29.532167
"AVY",2013-01-28,36,36.099998,35.919998,36.009998,1067500,29.540375
"AVY",2013-01-29,35.939999,36.220001,35.919998,36.139999,1150500,29.647017
"AVY",2013-01-30,39.880001,40,37.650002,38.439999,4511800,31.533808
"AVY",2013-01-31,38.450001,38.93,38.419998,38.509998,1351900,31.591223
"AVY",2013-02-01,38.599998,39.32,38.540001,38.709999,1229900,31.755291
"AVY",2013-02-04,38.610001,38.619999,38.099998,38.369999,1033700,31.476374
"AVY",2013-02-05,38.560001,39.299999,38.560001,38.759998,976600,31.796318
"AVY",2013-02-06,38.580002,39.200001,38.459999,39.189999,662500,32.149044
"AVY",2013-02-07,39.139999,39.240002,38.580002,39.099998,1045600,32.075222
"AVY",2013-02-08,39.110001,39.43,39.060001,39.25,1004000,32.198269
"AVY",2013-02-11,39.169998,39.330002,39.09,39.209999,863900,32.165459
"AVY",2013-02-12,39.209999,39.700001,39.200001,39.43,810500,32.345947
"AVY",2013-02-13,39.5,39.860001,39.43,39.610001,708400,32.493595
"AVY",2013-02-14,39.580002,40.720001,39.549999,39.689999,1310000,32.559223
"AVY",2013-02-15,39.720001,40.040001,39.5,39.73,776700,32.592026
"AVY",2013-02-19,39.709999,40.209999,39.68,40.07,1017400,32.870941
"AVY",2013-02-20,40.060001,40.110001,39.57,39.639999,810300,32.518208
"AVY",2013-02-21,39.549999,39.619999,38.970001,39.310001,1227600,32.24749
"AVY",2013-02-22,39.48,39.68,39.240002,39.599998,673800,32.485394
"AVY",2013-02-25,39.75,39.889999,38.799999,38.799999,937700,31.829119
"AVY",2013-02-26,38.98,39.84,38.959999,39.82,898900,32.665859
"AVY",2013-02-27,39.900002,40.869999,39.790001,40.720001,972200,33.404171
"AVY",2013-02-28,40.720001,41.290001,40.52,40.849998,1269000,33.510818
"AVY",2013-03-01,40.630001,41.009998,40.349998,40.880001,916300,33.535431
"AVY",2013-03-04,40.41,41.220001,40.27,41.130001,938400,33.964836
"AVY",2013-03-05,41.34,41.93,41.34,41.799999,911600,34.518101
"AVY",2013-03-06,41.919998,42.16,41.610001,41.700001,819300,34.435547
"AVY",2013-03-07,41.77,42,41.610001,41.779999,483200,34.501602
"AVY",2013-03-08,41.93,42.220001,41.810001,42.16,724300,34.815403
"AVY",2013-03-11,42.060001,42.650002,42,42.630001,769900,35.203518
"AVY",2013-03-12,42.630001,42.880001,42.560001,42.880001,794000,35.409981
"AVY",2013-03-13,42.869999,43.279999,42.68,43.009998,1204000,35.51733
"AVY",2013-03-14,43.080002,43.639999,43.080002,43.580002,1023200,35.988022
"AVY",2013-03-15,43.349998,43.52,42.48,43.27,1484000,35.732029
"AVY",2013-03-18,43,43.540001,42.75,43.400002,588700,35.839378
"AVY",2013-03-19,43.57,43.639999,42.73,42.900002,837100,35.426483
"AVY",2013-03-20,43.110001,43.279999,42.900002,43.099998,665200,35.591648
"AVY",2013-03-21,42.919998,43.049999,42.57,42.759998,697000,35.310886
"AVY",2013-03-22,42.900002,43.060001,42.650002,42.950001,725400,35.467773
"AVY",2013-03-25,43.110001,43.380001,42.610001,42.849998,547100,35.385189
"AVY",2013-03-26,43.099998,43.220001,42.810001,42.91,620400,35.43475
"AVY",2013-03-27,42.619999,42.919998,42.369999,42.790001,582800,35.335655
"AVY",2013-03-28,42.860001,43.150002,42.41,43.07,839100,35.566872
"AVY",2013-04-01,43.080002,43.139999,42.299999,42.389999,499700,35.005333
"AVY",2013-04-02,42.540001,42.759998,42.07,42.200001,864100,34.848431
"AVY",2013-04-03,42.189999,42.41,41.09,41.57,1061800,34.328186
"AVY",2013-04-04,41.630001,42.240002,41.459999,41.82,900400,34.534634
"AVY",2013-04-05,41.23,41.73,41.119999,41.509998,1066500,34.278637
"AVY",2013-04-08,41.580002,42.560001,41.389999,42.459999,865800,35.063133
"AVY",2013-04-09,42.599998,43.169998,42.349998,43.07,1019900,35.566872
"AVY",2013-04-10,43.139999,43.25,42.450001,43.119999,1793500,35.608162
"AVY",2013-04-11,43.110001,43.490002,43.009998,43.419998,851300,35.8559
"AVY",2013-04-12,43.310001,43.310001,42.669998,42.810001,991700,35.352161
"AVY",2013-04-15,42.66,42.740002,41.25,41.25,908700,34.063927
"AVY",2013-04-16,41.540001,41.889999,41.450001,41.66,831300,34.4025
"AVY",2013-04-17,41.41,42.869999,40.43,40.779999,906300,33.6758
"AVY",2013-04-18,40.900002,40.93,39.919998,40.130001,1254000,33.13905
"AVY",2013-04-19,40.240002,41.139999,40.23,40.810001,800200,33.700588
"AVY",2013-04-22,40.900002,41.189999,40.509998,40.889999,526400,33.76664
"AVY",2013-04-23,41.119999,41.459999,40.889999,41.290001,739500,34.096962
"AVY",2013-04-24,41.220001,42.799999,40.169998,42.25,2597800,34.889721
"AVY",2013-04-25,42.450001,42.52,41.380001,41.549999,1093200,34.311661
"AVY",2013-04-26,41.48,41.740002,41.290001,41.450001,492700,34.229095
"AVY",2013-04-29,41.57,41.860001,41.060001,41.709999,759200,34.443794
"AVY",2013-04-30,41.700001,41.700001,41.029999,41.450001,1132800,34.229095
"AVY",2013-05-01,41.220001,41.419998,40.669998,40.689999,698500,33.60149
"AVY",2013-05-02,40.599998,41.400002,39.720001,41.299999,975900,34.105225
"AVY",2013-05-03,41.66,42.619999,41.66,42.389999,673600,35.005333
"AVY",2013-05-06,42.34,42.580002,42.080002,42.540001,399300,35.129208
"AVY",2013-05-07,42.580002,43.060001,42.43,43.02,488400,35.525585
"AVY",2013-05-08,42.98,43.490002,42.860001,43.470001,850700,35.897194
"AVY",2013-05-09,43.43,43.610001,42.799999,42.91,591900,35.43475
"AVY",2013-05-10,42.889999,43.450001,42.889999,43.439999,403700,35.872406
"AVY",2013-05-13,43.369999,43.509998,42.779999,42.869999,685900,35.401714
"AVY",2013-05-14,42.740002,43.759998,42.650002,43.509998,705500,35.930222
"AVY",2013-05-15,43.400002,44.450001,43.200001,44.360001,1131300,36.632145
"AVY",2013-05-16,44.18,44.919998,44.130001,44.189999,662100,36.491764
"AVY",2013-05-17,44.240002,44.66,44.080002,44.279999,750900,36.566074
"AVY",2013-05-20,44.150002,44.700001,44.150002,44.459999,452400,36.714725
"AVY",2013-05-21,44.59,44.720001,43.939999,44.290001,569700,36.574345
"AVY",2013-05-22,44.220001,44.669998,43.259998,43.419998,595600,35.8559
"AVY",2013-05-23,43.139999,43.959999,43.02,43.68,526800,36.07061
"AVY",2013-05-24,43.43,43.709999,43.139999,43.66,357100,36.054096
"AVY",2013-05-28,44.07,44.75,44.07,44.369999,550400,36.640404
"AVY",2013-05-29,44.080002,44.32,43.459999,43.77,459000,36.144932
"AVY",2013-05-30,43.779999,44.349998,43.73,44.009998,476800,36.343113
"AVY",2013-05-31,43.799999,44.32,43.5,43.5,681200,35.921959
"AVY",2013-06-03,43.400002,43.43,42.48,43.259998,655700,35.963543
"AVY",2013-06-04,43.27,43.599998,42.619999,43.099998,467300,35.830517
"AVY",2013-06-05,42.939999,42.939999,41.830002,42.299999,650300,35.165451
"AVY",2013-06-06,42.27,42.799999,41.849998,42.790001,741900,35.572807
"AVY",2013-06-07,43.09,43.450001,42.650002,43.389999,470900,36.071609
"AVY",2013-06-10,43.509998,43.580002,43.09,43.549999,324600,36.204613
"AVY",2013-06-11,43.080002,43.48,42.830002,42.970001,352200,35.722435
"AVY",2013-06-12,43.290001,43.349998,42.599998,42.689999,294200,35.48967
"AVY",2013-06-13,42.66,43.34,42.540001,43.200001,437100,35.913662
"AVY",2013-06-14,43.189999,43.32,42.810001,43.040001,323600,35.780632
"AVY",2013-06-17,43.310001,43.709999,43.150002,43.439999,301300,36.113159
"AVY",2013-06-18,43.52,44.25,43.439999,44.110001,397700,36.67017
"AVY",2013-06-19,44.09,44.09,43.400002,43.400002,690700,36.07991
"AVY",2013-06-20,42.880001,42.900002,41.759998,41.869999,771800,34.807976
"AVY",2013-06-21,42.150002,42.240002,41.25,41.669998,603000,34.641716
"AVY",2013-06-24,41.209999,41.43,40.709999,41.080002,509600,34.15123
"AVY",2013-06-25,41.48,42.259998,41.419998,42.09,502100,34.990871
"AVY",2013-06-26,42.369999,42.549999,41.889999,42.16,545400,35.049065
"AVY",2013-06-27,42.439999,43.009998,42.220001,42.73,519100,35.522926
"AVY",2013-06-28,42.580002,42.98,42.349998,42.759998,990900,35.547871
"AVY",2013-07-01,42.959999,43.66,42.849998,43.52,551700,36.179684
"AVY",2013-07-02,43.439999,43.959999,43.16,43.380001,389300,36.063286
"AVY",2013-07-03,43.029999,43.689999,43.029999,43.540001,386100,36.196304
"AVY",2013-07-05,43.869999,44.439999,43.650002,44.439999,281300,36.944508
"AVY",2013-07-08,44.639999,45.02,44.549999,44.93,642100,37.351864
"AVY",2013-07-09,45.23,45.439999,44.869999,45,695900,37.410049
"AVY",2013-07-10,44.950001,44.950001,44.169998,44.400002,800900,36.911251
"AVY",2013-07-11,45.009998,45.049999,44.599998,44.75,565800,37.202221
"AVY",2013-07-12,44.59,44.82,44.43,44.700001,646400,37.160656
"AVY",2013-07-15,44.73,44.77,44.560001,44.759998,618100,37.210529
"AVY",2013-07-16,44.77,44.82,43.98,44.060001,729900,36.628593
"AVY",2013-07-17,44.259998,44.490002,43.950001,44.25,980200,36.786556
"AVY",2013-07-18,44.32,45.049999,44.240002,45,516200,37.410049
"AVY",2013-07-19,44.900002,44.990002,44.66,44.790001,572300,37.23547
"AVY",2013-07-22,44.630001,44.970001,44.110001,44.400002,655800,36.911251
"AVY",2013-07-23,45.98,46.959999,44.459999,44.619999,1375700,37.094147
"AVY",2013-07-24,44.810001,44.990002,43.720001,43.93,834000,36.520531
"AVY",2013-07-25,43.779999,44.290001,43.709999,44.200001,873400,36.744991
"AVY",2013-07-26,43.939999,44.169998,43.490002,44.150002,936100,36.703403
"AVY",2013-07-29,44.040001,44.310001,43.970001,44.16,614700,36.711731
"AVY",2013-07-30,44.209999,44.599998,44.209999,44.34,578100,36.86137
"AVY",2013-07-31,44.529999,44.889999,44.209999,44.73,1051100,37.185593
"AVY",2013-08-01,45.09,46.18,45.09,46.099998,820000,38.324516
"AVY",2013-08-02,45.970001,46.029999,45.540001,45.73,630200,38.016911
"AVY",2013-08-05,45.73,45.860001,45.290001,45.43,411600,37.767532
"AVY",2013-08-06,45.34,45.419998,44.509998,44.720001,715400,37.17728
"AVY",2013-08-07,44.560001,44.91,44.09,44.860001,866600,37.293671
"AVY",2013-08-08,45.02,46.029999,44.98,45.900002,897600,38.158249
"AVY",2013-08-09,45.82,46.200001,45.650002,45.860001,946700,38.125004
"AVY",2013-08-12,45.91,46.060001,45.470001,45.509998,527100,37.834023
"AVY",2013-08-13,45.639999,46.18,45.380001,46.150002,682400,38.366077
"AVY",2013-08-14,46.09,46.27,45.119999,45.27,620200,37.634518
"AVY",2013-08-15,44.799999,44.880001,44.049999,44.060001,662400,36.628593
"AVY",2013-08-16,43.970001,44.75,43.799999,44.27,653700,36.803181
"AVY",2013-08-19,44.32,44.580002,44.130001,44.299999,611900,36.828117
"AVY",2013-08-20,44.419998,44.59,44.139999,44.349998,323100,36.869686
"AVY",2013-08-21,44.220001,44.330002,43.790001,43.959999,329800,36.54546
"AVY",2013-08-22,44.029999,44.540001,44.029999,44.41,293300,36.919567
"AVY",2013-08-23,44.450001,44.52,43.880001,44.23,321700,36.76992
"AVY",2013-08-26,44.259998,44.84,44.16,44.450001,440000,36.952812
"AVY",2013-08-27,43.950001,44.240002,43.130001,43.18,549000,35.897018
"AVY",2013-08-28,43.139999,43.32,42.599998,43.259998,716500,35.963543
"AVY",2013-08-29,43.07,43.889999,43.060001,43.610001,550000,36.254494
"AVY",2013-08-30,43.360001,43.77,42.630001,42.759998,614000,35.785839
"AVY",2013-09-03,43.299999,43.66,42.77,42.889999,923700,35.894634
"AVY",2013-09-04,42.849998,43.18,42.790001,43,742100,35.986683
"AVY",2013-09-05,42.990002,43.290001,42.91,43.16,709100,36.120594
"AVY",2013-09-06,43.110001,43.52,42.470001,42.98,605300,35.969955
"AVY",2013-09-09,43,43.869999,43,43.810001,587500,36.664581
"AVY",2013-09-10,44.110001,44.75,44.060001,44.75,935200,37.451267
"AVY",2013-09-11,44.73,44.900002,44.389999,44.779999,642100,37.476368
"AVY",2013-09-12,44.66,44.779999,43.900002,43.959999,461200,36.790112
"AVY",2013-09-13,44.099998,44.18,43.740002,44.139999,430900,36.940754
"AVY",2013-09-16,44.830002,44.900002,44.150002,44.259998,973300,37.04118
"AVY",2013-09-17,44.259998,44.439999,43.990002,44.18,865700,36.974243
"AVY",2013-09-18,44.220001,44.529999,44.130001,44.439999,983500,37.191826
"AVY",2013-09-19,44.59,44.740002,44.259998,44.27,692600,37.049553
"AVY",2013-09-20,44.41,44.669998,44.07,44.139999,1003300,36.940754
"AVY",2013-09-23,43.990002,44.23,43.459999,43.689999,615200,36.564133
"AVY",2013-09-24,43.73,44.200001,43.57,43.759998,559900,36.622738
"AVY",2013-09-25,43.75,43.869999,43.299999,43.470001,833600,36.380035
"AVY",2013-09-26,43.52,43.91,43.349998,43.889999,550300,36.731537
"AVY",2013-09-27,43.59,43.73,43.380001,43.57,511000,36.463718
"AVY",2013-09-30,43.189999,43.560001,43,43.52,664700,36.421883
"AVY",2013-10-01,43.490002,43.59,43.18,43.279999,921600,36.221024
"AVY",2013-10-02,43.139999,43.240002,42.630001,42.91,771400,35.911369
"AVY",2013-10-03,42.77,43.029999,42.549999,42.82,719100,35.83604
"AVY",2013-10-04,42.810001,43.209999,42.59,43.049999,525500,36.028538
"AVY",2013-10-07,42.599998,43.029999,42.5,42.700001,697900,35.735626
"AVY",2013-10-08,42.529999,42.75,42.009998,42.279999,1095300,35.384117
"AVY",2013-10-09,42.310001,42.599998,42.029999,42.279999,608800,35.384117
"AVY",2013-10-10,42.73,43.439999,42.73,43.369999,528700,36.296345
"AVY",2013-10-11,43.200001,43.32,42.959999,43.07,950800,36.045269
"AVY",2013-10-14,42.689999,43.18,42.68,43.150002,697100,36.112217
"AVY",2013-10-15,43.029999,43.299999,42.669998,42.830002,516100,35.84441
"AVY",2013-10-16,43.049999,43.290001,42.900002,43.290001,474100,36.229404
"AVY",2013-10-17,43.130001,44.139999,42.939999,44.110001,611100,36.915653
"AVY",2013-10-18,44.400002,44.66,44.110001,44.639999,700500,37.359203
"AVY",2013-10-21,44.599998,44.759998,43.759998,44,701800,36.823597
"AVY",2013-10-22,44.110001,44.5,43.889999,44.09,671600,36.898914
"AVY",2013-10-23,43.939999,43.970001,43.560001,43.779999,575100,36.639469
"AVY",2013-10-24,43.799999,44.259998,43.57,44.049999,712800,36.865433
"AVY",2013-10-25,46.98,49.970001,46.490002,47.740002,2530800,39.953587
"AVY",2013-10-28,47.830002,48.18,47.189999,47.84,1297500,40.037289
"AVY",2013-10-29,48.029999,48.099998,47.150002,47.290001,858900,39.576996
"AVY",2013-10-30,47.43,47.580002,46.880001,47.240002,790900,39.535141
"AVY",2013-10-31,47.040001,47.470001,46.900002,47.119999,628200,39.434715
"AVY",2013-11-01,47.299999,47.52,47.049999,47.369999,761200,39.643925
"AVY",2013-11-04,47.540001,47.689999,47.310001,47.549999,527800,39.794579
"AVY",2013-11-05,47.259998,47.290001,46.639999,46.950001,833200,39.292435
"AVY",2013-11-06,47.080002,47.5,46.880001,46.990002,540800,39.325912
"AVY",2013-11-07,47.080002,47.169998,46.029999,46.169998,863400,38.63966
"AVY",2013-11-08,46.16,47.68,46.049999,47.57,908100,39.811329
"AVY",2013-11-11,47.509998,47.889999,47.130001,47.299999,567100,39.585361
"AVY",2013-11-12,47.139999,47.639999,47.009998,47.41,551300,39.677425
"AVY",2013-11-13,47.16,47.849998,46.889999,47.849998,489000,40.045654
"AVY",2013-11-14,47.740002,48.130001,47.700001,47.970001,584600,40.14608
"AVY",2013-11-15,47.849998,48.450001,47.66,48.279999,561800,40.40551
"AVY",2013-11-18,48.580002,48.91,48.189999,48.279999,675800,40.40551
"AVY",2013-11-19,48.299999,48.52,47.98,48.040001,341900,40.20467
"AVY",2013-11-20,48.169998,48.549999,47.98,48.099998,393300,40.254871
"AVY",2013-11-21,48.279999,49.189999,48.279999,49.119999,624700,41.108501
"AVY",2013-11-22,49.119999,49.52,48.639999,49.369999,610700,41.317749
"AVY",2013-11-25,49.41,49.470001,48.93,48.959999,391400,40.974609
"AVY",2013-11-26,48.990002,49.400002,48.66,48.73,817200,40.782131
"AVY",2013-11-27,48.919998,49.509998,48.759998,49.080002,490600,41.075035
"AVY",2013-11-29,49.049999,49.509998,48.77,48.900002,253000,40.924397
"AVY",2013-12-02,48.599998,49.509998,48.419998,49.360001,942000,41.55582
"AVY",2013-12-03,49.25,49.25,48.720001,49.029999,739900,41.277985
"AVY",2013-12-04,48.919998,49.490002,48.459999,49.09,1291100,41.32851
"AVY",2013-12-05,48.810001,49.150002,48.16,48.549999,1298400,40.873894
"AVY",2013-12-06,49,49.689999,48.950001,49.66,840000,41.80838
"AVY",2013-12-09,49.740002,49.889999,49.279999,49.330002,782900,41.530571
"AVY",2013-12-10,49.220001,49.68,49.009998,49.009998,709100,41.26115
"AVY",2013-12-11,49.139999,49.360001,48.029999,48.130001,854100,40.520298
"AVY",2013-12-12,48.099998,48.32,47.939999,48.060001,865300,40.461357
"AVY",2013-12-13,48.150002,48.830002,48.110001,48.66,677000,40.966496
"AVY",2013-12-16,48.759998,49.279999,48.299999,49.060001,871400,41.303253
"AVY",2013-12-17,49.119999,49.200001,48.57,49.110001,892400,41.345341
"AVY",2013-12-18,49.110001,49.740002,48.66,49.630001,912200,41.783131
"AVY",2013-12-19,49.540001,49.540001,49.200001,49.330002,441900,41.530571
"AVY",2013-12-20,49.419998,49.709999,49.259998,49.580002,970600,41.741032
"AVY",2013-12-23,49.880001,49.950001,49.41,49.66,656900,41.80838
"AVY",2013-12-24,49.740002,49.900002,49.619999,49.889999,193100,42.002029
"AVY",2013-12-26,50,50.66,49.860001,50.650002,671000,42.641857
"AVY",2013-12-27,50.75,50.880001,50.43,50.48,680300,42.49873
"AVY",2013-12-30,50.48,50.48,50.07,50.209999,488600,42.271427
"AVY",2013-12-31,50.459999,50.540001,50.099998,50.189999,467100,42.254593
"AVY",2014-01-02,50.09,50.189999,49.450001,49.610001,646000,41.766277
"AVY",2014-01-03,49.73,49.849998,49.419998,49.549999,770000,41.715775
"AVY",2014-01-06,49.790001,50,49.330002,49.43,976400,41.614754
"AVY",2014-01-07,49.509998,49.779999,49.34,49.619999,1210200,41.774715
"AVY",2014-01-08,49.75,49.869999,49.259998,49.459999,1169900,41.640003
"AVY",2014-01-09,49.849998,50.639999,49.849998,49.880001,1555100,41.993599
"AVY",2014-01-10,50.459999,51.139999,50.43,50.880001,1614600,42.835503
"AVY",2014-01-13,50.580002,51.119999,50.189999,50.360001,841200,42.397705
"AVY",2014-01-14,50.389999,51.27,50.380001,51.27,809200,43.163822
"AVY",2014-01-15,51.279999,51.369999,50.970001,51.259998,674000,43.155418
"AVY",2014-01-16,51.32,51.32,50.540001,51.23,1041600,43.130146
"AVY",2014-01-17,51.310001,51.34,50.889999,51.150002,591900,43.062794
"AVY",2014-01-21,51.529999,51.630001,50.84,51.310001,644800,43.19751
"AVY",2014-01-22,51.5,52.169998,51.400002,52.139999,1018900,43.896286
"AVY",2014-01-23,51.700001,51.759998,50.700001,51.240002,988300,43.138569
"AVY",2014-01-24,50.779999,50.990002,49.110001,49.130001,1039600,41.362183
"AVY",2014-01-27,49.169998,49.209999,48.369999,48.91,1196900,41.176968
"AVY",2014-01-28,48.91,49.349998,48.810001,49.27,656700,41.480053
"AVY",2014-01-29,48.799999,49.759998,48.650002,48.93,912400,41.193802
"AVY",2014-01-30,49.509998,49.849998,48.720001,49.720001,879400,41.858894
"AVY",2014-01-31,48.360001,49.509998,47.900002,49.27,1352700,41.480053
"AVY",2014-02-03,49.439999,49.900002,47.740002,47.810001,1273600,40.250885
"AVY",2014-02-04,48.110001,48.299999,47.41,47.580002,1080900,40.057255
"AVY",2014-02-05,47.189999,47.360001,46.25,46.990002,1383800,39.560535
"AVY",2014-02-06,46.93,47.630001,46.84,47.580002,785800,40.057255
"AVY",2014-02-07,47.849998,48.060001,47.32,47.889999,983100,40.318237
"AVY",2014-02-10,47.98,49.150002,47.82,49.060001,1266100,41.303253
"AVY",2014-02-11,49.25,49.5,47.830002,49.240002,926700,41.454788
"AVY",2014-02-12,49.290001,49.709999,49.110001,49.259998,1148000,41.471626
"AVY",2014-02-13,48.959999,49.5,48.75,49.450001,748700,41.631588
"AVY",2014-02-14,49.41,49.709999,49.189999,49.400002,608300,41.589497
"AVY",2014-02-18,49.490002,49.630001,49.200001,49.52,445900,41.690521
"AVY",2014-02-19,49.490002,50.049999,49.150002,49.240002,643900,41.454788
"AVY",2014-02-20,49.34,49.5,48.91,49.299999,628100,41.505287
"AVY",2014-02-21,49.400002,49.400002,48.860001,48.889999,593200,41.16013
"AVY",2014-02-24,48.970001,49.169998,48.639999,48.790001,819000,41.075935
"AVY",2014-02-25,48.799999,49.07,48.43,48.84,672900,41.118038
"AVY",2014-02-26,49.09,49.759998,49.09,49.509998,707200,41.682095
"AVY",2014-02-27,49.380001,49.580002,48.91,49.110001,803200,41.345341
"AVY",2014-02-28,49.130001,50.060001,48.950001,49.82,975900,41.943089
"AVY",2014-03-03,49.049999,49.669998,48.990002,49.400002,746700,41.833
"AVY",2014-03-04,51.169998,52.099998,50.779999,51.790001,1517600,43.856907
"AVY",2014-03-05,51.400002,51.560001,50.599998,51.060001,1408600,43.238728
"AVY",2014-03-06,51.23,51.400002,50.889999,51.09,715400,43.264126
"AVY",2014-03-07,51.380001,51.810001,51.25,51.560001,837100,43.66214
"AVY",2014-03-10,51.5,51.529999,50.650002,51.209999,859500,43.365757
"AVY",2014-03-11,51.400002,51.48,50.549999,50.580002,855400,42.832249
"AVY",2014-03-12,50.34,50.869999,50.27,50.669998,1058800,42.908455
"AVY",2014-03-13,50.970001,51.16,50.240002,50.279999,792000,42.578209
"AVY",2014-03-14,50.169998,50.950001,50.169998,50.48,781100,42.747566
"AVY",2014-03-17,50.650002,50.98,50.369999,50.48,846900,42.747566
"AVY",2014-03-18,50.580002,51.110001,50.580002,50.939999,443100,43.137108
"AVY",2014-03-19,50.860001,51.279999,50.290001,50.549999,903100,42.806843
"AVY",2014-03-20,50.639999,50.900002,50.200001,50.869999,423600,43.077831
"AVY",2014-03-21,51.029999,51.549999,50.970001,51.150002,790600,43.314941
"AVY",2014-03-24,51.259998,51.619999,50.27,50.57,725800,42.823776
"AVY",2014-03-25,51,51.060001,50.16,50.470001,576300,42.739105
"AVY",2014-03-26,50.759998,50.900002,49.540001,49.540001,571000,41.95155
"AVY",2014-03-27,49.529999,49.650002,48.939999,49.549999,862000,41.960026
"AVY",2014-03-28,49.610001,50.419998,49.580002,49.98,574100,42.324158
"AVY",2014-03-31,50.369999,50.77,50.169998,50.669998,727300,42.908455
"AVY",2014-04-01,50.93,51.150002,50.560001,51.110001,533000,43.281059
"AVY",2014-04-02,51.169998,51.73,51.099998,51.650002,535200,43.738354
"AVY",2014-04-03,51.630001,51.799999,51.41,51.73,651700,43.806095
"AVY",2014-04-04,51.950001,52.240002,50.82,51.130001,520500,43.298008
"AVY",2014-04-07,51,51.169998,50.240002,50.490002,778200,42.756042
"AVY",2014-04-08,50.580002,51.009998,50.299999,50.66,805200,42.899994
"AVY",2014-04-09,50.900002,51.27,50.400002,51.200001,742800,43.357269
"AVY",2014-04-10,51.139999,51.25,49.150002,49.169998,1537800,41.638229
"AVY",2014-04-11,48.889999,49.310001,48.490002,48.630001,783600,41.180946
"AVY",2014-04-14,49.09,49.48,48.779999,49.16,552000,41.629761
"AVY",2014-04-15,49.240002,49.619999,48.439999,49.549999,671700,41.960026
"AVY",2014-04-16,49.950001,50.59,49.799999,50.240002,700600,42.544323
"AVY",2014-04-17,50.080002,50.900002,50,50.68,521700,42.916935
"AVY",2014-04-21,50.759998,51.110001,50.57,50.98,665500,43.170975
"AVY",2014-04-22,51.049999,51.919998,50.98,51.759998,910500,43.831497
"AVY",2014-04-23,48.939999,49.849998,48.310001,49.459999,2270600,41.883797
"AVY",2014-04-24,49.529999,49.830002,48.419998,49.009998,1197900,41.502735
"AVY",2014-04-25,48.939999,49.009998,48.400002,48.619999,635400,41.172482
"AVY",2014-04-28,49.009998,49.549999,48.09,48.580002,889600,41.138603
"AVY",2014-04-29,48.709999,48.91,48.220001,48.490002,752000,41.062397
"AVY",2014-04-30,48.490002,48.700001,48.099998,48.66,811200,41.206348
"AVY",2014-05-01,48.650002,48.810001,48.189999,48.48,700700,41.053921
"AVY",2014-05-02,48.459999,48.970001,48.279999,48.389999,518700,40.977703
"AVY",2014-05-05,48.32,48.82,48.23,48.450001,636800,41.028511
"AVY",2014-05-06,48.349998,48.509998,47.880001,47.900002,779600,40.562767
"AVY",2014-05-07,48.060001,48.889999,48.02,48.860001,925700,41.375713
"AVY",2014-05-08,48.860001,49.220001,48.43,48.709999,842300,41.248692
"AVY",2014-05-09,48.639999,48.77,48.279999,48.619999,519100,41.172482
"AVY",2014-05-12,48.830002,49.209999,48.799999,48.959999,731600,41.4604
"AVY",2014-05-13,49.009998,49.099998,47.330002,48.419998,946900,41.003117
"AVY",2014-05-14,48.459999,48.5,47.990002,48.119999,519200,40.749065
"AVY",2014-05-15,48.060001,48.07,47.18,47.43,672500,40.164761
"AVY",2014-05-16,47.48,47.48,46.830002,47.16,1476300,39.936115
"AVY",2014-05-19,47.130001,47.549999,47.040001,47.310001,1254200,40.063141
"AVY",2014-05-20,47.32,47.450001,46.650002,46.66,1039300,39.512707
"AVY",2014-05-21,46.799999,47.529999,46.689999,47.009998,1367600,39.80909
"AVY",2014-05-22,47.009998,48.599998,46.880001,48.240002,1931600,40.850689
"AVY",2014-05-23,48.369999,48.540001,48.009998,48.200001,886700,40.816807
"AVY",2014-05-27,48.389999,48.900002,48.259998,48.610001,724500,41.164009
"AVY",2014-05-28,48.66,48.880001,48.299999,48.82,856800,41.341843
"AVY",2014-05-29,48.900002,49.220001,48.720001,49.209999,689900,41.672108
"AVY",2014-05-30,50.060001,50.900002,49.970001,50.700001,2182700,42.933868
"AVY",2014-06-02,50.509998,50.509998,49.650002,49.939999,919600,42.584259
"AVY",2014-06-03,49.93,49.93,49.330002,49.43,1142200,42.14938
"AVY",2014-06-04,49.360001,49.650002,49.209999,49.5,621800,42.209053
"AVY",2014-06-05,49.59,49.82,49.060001,49.619999,657400,42.311401
"AVY",2014-06-06,49.75,50.029999,49.619999,49.759998,457600,42.430775
"AVY",2014-06-09,49.669998,50.349998,49.630001,50.080002,729400,42.70364
"AVY",2014-06-10,50.049999,50.259998,49.849998,50.18,685700,42.788918
"AVY",2014-06-11,49.919998,49.939999,49.439999,49.689999,625400,42.371082
"AVY",2014-06-12,49.560001,49.84,49.369999,49.48,592400,42.192017
"AVY",2014-06-13,49.509998,49.900002,49.369999,49.740002,617400,42.413719
"AVY",2014-06-16,49.740002,50.57,49.740002,50.209999,840700,42.814487
"AVY",2014-06-17,50.18,50.82,49.98,50.610001,633700,43.155571
"AVY",2014-06-18,50.560001,50.900002,50.240002,50.869999,459500,43.37727
"AVY",2014-06-19,50.919998,51.240002,50.66,50.990002,631800,43.479603
"AVY",2014-06-20,51.130001,51.41,51.02,51.389999,651100,43.820679
"AVY",2014-06-23,51.32,51.540001,50.599998,50.919998,685800,43.419903
"AVY",2014-06-24,50.880001,51.5,50.669998,50.970001,725000,43.462555
"AVY",2014-06-25,50.849998,51,50.34,50.830002,756700,43.343166
"AVY",2014-06-26,50.900002,51.419998,50.529999,51.41,850600,43.837742
"AVY",2014-06-27,51.299999,51.610001,51.049999,51.48,650500,43.89743
"AVY",2014-06-30,51.52,51.560001,50.919998,51.25,622500,43.701298
"AVY",2014-07-01,51.419998,51.68,51.029999,51.380001,467300,43.812168
"AVY",2014-07-02,51.209999,51.380001,50.830002,51,430900,43.48814
"AVY",2014-07-03,51.32,51.82,51.150002,51.490002,456200,43.90596
"AVY",2014-07-07,51.380001,51.490002,50.790001,50.869999,441800,43.37727
"AVY",2014-07-08,50.650002,51.099998,50.52,51.080002,635400,43.556343
"AVY",2014-07-09,51.32,51.470001,50.689999,50.889999,615000,43.394333
"AVY",2014-07-10,50.5,50.950001,50.200001,50.849998,762200,43.360222
"AVY",2014-07-11,50.73,50.919998,50.380001,50.490002,569500,43.053242
"AVY",2014-07-14,50.799999,51.09,50.73,50.98,417000,43.471073
"AVY",2014-07-15,50.98,51.610001,50.790001,50.889999,434400,43.394333
"AVY",2014-07-16,51.139999,51.27,50.709999,51.040001,445900,43.522243
"AVY",2014-07-17,50.75,51.130001,50.57,50.68,864900,43.215267
"AVY",2014-07-18,50.889999,51.09,50.68,50.98,438400,43.471073
"AVY",2014-07-21,50.619999,50.68,50.389999,50.630001,360500,43.172634
"AVY",2014-07-22,50.939999,51.18,50.490002,50.52,556300,43.078827
"AVY",2014-07-23,50.529999,50.939999,50.490002,50.599998,694900,43.147045
"AVY",2014-07-24,50.630001,51.18,50.630001,50.900002,1215000,43.402863
"AVY",2014-07-25,51.02,51.16,48.98,49.240002,1609800,41.987358
"AVY",2014-07-28,49.02,49.209999,48.349998,48.950001,1181500,41.740067
"AVY",2014-07-29,48.630001,48.73,47.970001,48.029999,1094500,40.955593
"AVY",2014-07-30,48.099998,48.18,47.400002,47.849998,795700,40.802086
"AVY",2014-07-31,47.57,47.57,47.099998,47.209999,1087500,40.256359
"AVY",2014-08-01,47.150002,47.439999,46.93,47.310001,782000,40.341629
"AVY",2014-08-04,47.470001,47.810001,47.189999,47.73,745400,40.699768
"AVY",2014-08-05,47.450001,47.689999,47,47.360001,502400,40.384277
"AVY",2014-08-06,47.16,47.630001,47.16,47.209999,511200,40.256359
"AVY",2014-08-07,47.400002,47.490002,46.77,47.139999,709200,40.196674
"AVY",2014-08-08,47.09,47.610001,46.880001,47.57,648800,40.563343
"AVY",2014-08-11,47.860001,47.970001,47.599998,47.759998,307400,40.725353
"AVY",2014-08-12,47.639999,47.900002,47.48,47.830002,391700,40.785053
"AVY",2014-08-13,48.080002,48.18,47.84,47.98,421400,40.912952
"AVY",2014-08-14,47.970001,48.290001,47.970001,48.049999,551700,40.972637
"AVY",2014-08-15,48.27,48.360001,47.580002,47.880001,712200,40.827682
"AVY",2014-08-18,48.139999,48.41,48.040001,48.380001,674000,41.254032
"AVY",2014-08-19,48.299999,49.16,48.290001,49.099998,1028100,41.867985
"AVY",2014-08-20,48.860001,49.02,48.540001,48.790001,470400,41.603642
"AVY",2014-08-21,48.650002,48.740002,48.279999,48.529999,430900,41.381943
"AVY",2014-08-22,48.43,48.43,48,48,477800,40.93
"AVY",2014-08-25,48.27,48.48,48.099998,48.169998,602100,41.074963
"AVY",2014-08-26,48.189999,48.290001,47.98,48.02,416600,40.947067
"AVY",2014-08-27,48.16,48.290001,47.799999,47.900002,643100,40.844734
"AVY",2014-08-28,47.759998,48.16,47.68,48.110001,342000,41.023811
"AVY",2014-08-29,47.84,48.23,47.599998,48.130001,835100,41.341618
"AVY",2014-09-02,48.07,48.43,48,48.150002,879000,41.358791
"AVY",2014-09-03,48.27,48.610001,48.110001,48.439999,827500,41.607891
"AVY",2014-09-04,48.459999,48.849998,48.459999,48.669998,687200,41.80545
"AVY",2014-09-05,48.599998,48.900002,48.450001,48.880001,614900,41.98584
"AVY",2014-09-08,48.759998,49.16,48.639999,48.759998,373300,41.882759
"AVY",2014-09-09,48.650002,48.810001,48.389999,48.490002,447800,41.650841
"AVY",2014-09-10,48.389999,48.459999,48.130001,48.310001,473400,41.496227
"AVY",2014-09-11,48.27,48.82,48.02,48.709999,520400,41.839802
"AVY",2014-09-12,48.740002,48.860001,48.09,48.259998,555800,41.453278
"AVY",2014-09-15,48.16,48.52,47.93,48.43,543100,41.599316
"AVY",2014-09-16,48.529999,48.630001,48.189999,48.200001,776800,41.401749
"AVY",2014-09-17,48.02,48.48,47.389999,47.700001,926100,40.972267
"AVY",2014-09-18,47.75,47.970001,47.610001,47.91,886500,41.152641
"AVY",2014-09-19,47.900002,48.240002,47.32,47.790001,1160100,41.049583
"AVY",2014-09-22,47.740002,47.98,47.360001,47.720001,1101700,40.989441
"AVY",2014-09-23,47.25,47.400002,46.549999,46.790001,2007800,40.190617
"AVY",2014-09-24,46.720001,47.02,46.43,46.959999,1133700,40.336636
"AVY",2014-09-25,46.75,46.939999,46.119999,46.18,1097700,39.666649
"AVY",2014-09-26,46.330002,46.5,46.060001,46.41,910900,39.864201
"AVY",2014-09-29,44.860001,45.740002,44.650002,45.450001,1851200,39.039604
"AVY",2014-09-30,45.330002,45.610001,44.450001,44.650002,1843500,38.352451
"AVY",2014-10-01,44.509998,45,43.73,43.959999,2348900,37.759762
"AVY",2014-10-02,43.799999,44.099998,43.259998,43.759998,929100,37.587963
"AVY",2014-10-03,43.990002,44.32,43.84,43.919998,954400,37.725403
"AVY",2014-10-06,44.130001,44.439999,43.720001,44.07,933800,37.854263
"AVY",2014-10-07,44.049999,44.049999,42.950001,42.950001,833100,36.89222
"AVY",2014-10-08,43.09,43.599998,42.630001,43.57,1032700,37.424782
"AVY",2014-10-09,43.459999,43.48,42.639999,42.639999,1298600,36.625942
"AVY",2014-10-10,42.599998,42.919998,41.959999,41.959999,950700,36.041847
"AVY",2014-10-13,41.970001,42.389999,41.259998,41.279999,1013700,35.45776
"AVY",2014-10-14,41.630001,42.299999,41.349998,41.84,1247700,35.938766
"AVY",2014-10-15,41.349998,42.060001,40.580002,41.779999,1782500,35.887234
"AVY",2014-10-16,41.279999,42.619999,41.240002,42.560001,1097000,36.557217
"AVY",2014-10-17,42.82,43.41,42.73,43.130001,1136400,37.046833
"AVY",2014-10-20,42.810001,43.459999,42.669998,43.43,1139300,37.304516
"AVY",2014-10-21,43.549999,44.669998,43.540001,44.650002,891900,38.352451
"AVY",2014-10-22,44.740002,44.959999,44.040001,44.060001,1217300,37.845669
"AVY",2014-10-23,44.450001,44.5,43.98,44.18,1314800,37.948742
"AVY",2014-10-24,46.080002,46.919998,45.48,46.369999,2365200,39.829849
"AVY",2014-10-27,45.759998,45.860001,44.990002,45.25,1289500,38.867817
"AVY",2014-10-28,45.34,46,45.110001,45.990002,728200,39.503452
"AVY",2014-10-29,46.09,46.09,45.09,45.400002,1274300,38.996658
"AVY",2014-10-30,45.34,46.439999,45.240002,46.009998,724000,39.520626
"AVY",2014-10-31,46.43,46.869999,46.16,46.849998,853700,40.242149
"AVY",2014-11-03,46.93,47.110001,46.389999,46.560001,881000,39.993061
"AVY",2014-11-04,46.459999,46.91,46.32,46.610001,523600,40.035995
"AVY",2014-11-05,46.790001,46.990002,46.43,46.93,720600,40.310867
"AVY",2014-11-06,46.950001,47.529999,46.849998,47.369999,639800,40.688812
"AVY",2014-11-07,47.43,47.900002,47.189999,47.740002,593900,41.006622
"AVY",2014-11-10,47.700001,48.150002,47.68,48.040001,445000,41.264313
"AVY",2014-11-11,48,48.360001,47.740002,47.959999,476800,41.195587
"AVY",2014-11-12,47.84,48.220001,47.779999,48.099998,363200,41.315845
"AVY",2014-11-13,48.23,48.52,47.93,48.09,603800,41.307255
"AVY",2014-11-14,48,48.130001,47.419998,47.540001,764500,40.834835
"AVY",2014-11-17,47.580002,47.919998,47.43,47.779999,535500,41.04097
"AVY",2014-11-18,47.939999,48.380001,47.73,47.970001,562400,41.204182
"AVY",2014-11-19,47.889999,48.060001,47.610001,47.939999,559400,41.178413
"AVY",2014-11-20,47.560001,47.939999,47.41,47.869999,512500,41.11829
"AVY",2014-11-21,48.450001,48.720001,48.07,48.27,710800,41.461868
"AVY",2014-11-24,48.32,49.400002,48.32,49.150002,1047300,42.217747
"AVY",2014-11-25,49.119999,49.34,48.759998,49.049999,1089000,42.131859
"AVY",2014-11-26,49.07,49.209999,48.650002,49.189999,448900,42.252106
"AVY",2014-11-28,49.18,49.619999,49.040001,49.509998,493300,42.526974
"AVY",2014-12-01,48.91,49.16,48.57,49.130001,855600,42.501026
"AVY",2014-12-02,49.099998,50,49.099998,49.919998,1157500,43.184433
"AVY",2014-12-03,49.900002,50.919998,49.560001,50.34,1702300,43.547764
"AVY",2014-12-04,50.060001,50.459999,49.240002,49.619999,1115000,42.924915
"AVY",2014-12-05,49.610001,50.009998,49.470001,49.84,1077200,43.115238
"AVY",2014-12-08,49.73,50.09,49.27,49.400002,625500,42.734596
"AVY",2014-12-09,49,49.810001,48.900002,49.740002,975700,43.028725
"AVY",2014-12-10,49.66,50.169998,49.630001,49.82,1084300,43.097931
"AVY",2014-12-11,49.919998,50.849998,49.919998,50.220001,1007700,43.443954
"AVY",2014-12-12,50.48,50.849998,50.110001,50.130001,1165000,43.366093
"AVY",2014-12-15,50.360001,50.700001,50.110001,50.52,958900,43.703476
"AVY",2014-12-16,50.43,51.060001,50.099998,50.130001,1243000,43.366093
"AVY",2014-12-17,50.119999,50.439999,49.689999,50.209999,1272300,43.435299
"AVY",2014-12-18,50.740002,51.09,50.299999,51.080002,1409000,44.187916
"AVY",2014-12-19,51.330002,52.040001,51.18,51.970001,1210300,44.95784
"AVY",2014-12-22,52.02,52.470001,51.540001,51.84,569600,44.845375
"AVY",2014-12-23,52.02,52.419998,51.889999,52.23,509200,45.182758
"AVY",2014-12-24,52.200001,52.450001,51.990002,52.150002,237000,45.113548
"AVY",2014-12-26,52.220001,52.830002,52.209999,52.619999,265300,45.52013
"AVY",2014-12-29,52.509998,52.900002,52.290001,52.669998,396900,45.563377
"AVY",2014-12-30,52.439999,52.740002,52.439999,52.639999,496800,45.537441
"AVY",2014-12-31,52.669998,52.919998,51.849998,51.880001,391500,44.879978
"AVY",2015-01-02,52.130001,52.349998,51.330002,51.790001,378700,44.802124
"AVY",2015-01-05,51.41,51.549999,50.799999,51.150002,801700,44.248478
"AVY",2015-01-06,51.77,52.18,51.27,51.66,1515900,44.689667
"AVY",2015-01-07,52.110001,52.23,51.849998,52.169998,813100,45.130848
"AVY",2015-01-08,52.66,54.009998,52.610001,53.720001,1243900,46.47171
"AVY",2015-01-09,53.860001,53.919998,52.860001,53.02,1151300,45.866154
"AVY",2015-01-12,53.049999,53.43,52.610001,53.389999,648300,46.18623
"AVY",2015-01-13,53.790001,54.32,52.990002,53.360001,905300,46.16029
"AVY",2015-01-14,53.290001,53.599998,52.709999,53.529999,826000,46.307346
"AVY",2015-01-15,53.830002,53.91,52.34,52.389999,1140500,45.321159
"AVY",2015-01-16,52.369999,52.790001,52.18,52.720001,773800,45.606636
"AVY",2015-01-20,53.490002,53.950001,53.220001,53.599998,1526600,46.367897
"AVY",2015-01-21,53.400002,53.48,52.68,53.099998,1109200,45.935352
"AVY",2015-01-22,53.43,53.939999,53.029999,53.889999,1086900,46.618771
"AVY",2015-01-23,53.77,53.880001,52.529999,52.580002,1164100,45.485527
"AVY",2015-01-26,52.5,53,52.060001,52.98,1045300,45.831551
"AVY",2015-01-27,52.400002,52.77,52.040001,52.380001,591500,45.312511
"AVY",2015-01-28,52.59,52.82,51.77,51.900002,874600,44.89727
"AVY",2015-01-29,51.959999,52.810001,51.82,52.759998,915600,45.641239
"AVY",2015-01-30,52.349998,52.799999,52.060001,52.27,947400,45.217346
"AVY",2015-02-02,52.150002,53.029999,50.630001,51.200001,1785900,44.291729
"AVY",2015-02-03,50.970001,51.990002,50.939999,51.830002,917300,44.836735
"AVY",2015-02-04,51.389999,52.049999,51.310001,51.5,1089800,44.551254
"AVY",2015-02-05,51.869999,52.580002,51.66,52.34,910200,45.277901
"AVY",2015-02-06,52.549999,52.77,52.189999,52.400002,720600,45.329819
"AVY",2015-02-09,52.220001,52.540001,51.880001,51.98,640500,44.966476
"AVY",2015-02-10,52.200001,53.41,52.119999,53.32,1028300,46.125675
"AVY",2015-02-11,53.360001,53.43,52.68,53.189999,604000,46.013214
"AVY",2015-02-12,53.68,53.82,53.52,53.650002,548200,46.41116
"AVY",2015-02-13,53.560001,53.830002,53.330002,53.790001,314300,46.532265
"AVY",2015-02-17,53.700001,54.150002,53.5,53.990002,529800,46.70528
"AVY",2015-02-18,53.900002,54.150002,53.459999,54.080002,488400,46.783134
"AVY",2015-02-19,53.91,54.23,53.630001,53.799999,406000,46.540916
"AVY",2015-02-20,53.810001,54.18,53.299999,54.080002,406600,46.783134
"AVY",2015-02-23,54.09,54.619999,53.689999,54.490002,489500,47.13781
"AVY",2015-02-24,54.48,54.669998,54.150002,54.639999,545100,47.267567
"AVY",2015-02-25,54.580002,54.740002,54.32,54.43,480600,47.085903
"AVY",2015-02-26,54.389999,54.59,53.93,54.299999,518100,46.973438
"AVY",2015-02-27,54.220001,54.34,53.48,53.549999,718400,46.32465
"AVY",2015-03-02,53.439999,54.029999,53.220001,53.93,616800,46.960308
"AVY",2015-03-03,53.740002,53.860001,53.130001,53.259998,806000,46.376896
"AVY",2015-03-04,53,53.299999,52.779999,53.23,548100,46.350769
"AVY",2015-03-05,53.23,53.400002,52.779999,53,624600,46.15049
"AVY",2015-03-06,52.75,52.799999,52,52.25,518600,45.497421
"AVY",2015-03-09,52.299999,52.68,52.169998,52.41,515300,45.636745
"AVY",2015-03-10,51.830002,51.970001,51.560001,51.650002,517000,44.97496
"AVY",2015-03-11,51.830002,51.91,51.619999,51.689999,436200,45.0098
"AVY",2015-03-12,51.740002,52.41,51.740002,52.330002,413600,45.567081
"AVY",2015-03-13,52.290001,52.48,51.59,52.009998,801200,45.288437
"AVY",2015-03-16,52.169998,52.810001,51.869999,52.689999,474300,45.880554
"AVY",2015-03-17,52.389999,52.790001,51.959999,52.23,470000,45.480011
"AVY",2015-03-18,52.119999,52.959999,51.740002,52.830002,706500,46.002468
"AVY",2015-03-19,52.66,53.060001,52.490002,53,897800,46.15049
"AVY",2015-03-20,53.16,53.540001,52.66,53.490002,1352400,46.577175
"AVY",2015-03-23,53.490002,53.790001,53.25,53.299999,479000,46.411724
"AVY",2015-03-24,53.169998,53.509998,52.970001,52.970001,385900,46.124367
"AVY",2015-03-25,53.029999,53.349998,52.41,52.41,818100,45.636745
"AVY",2015-03-26,52.189999,52.349998,51.959999,52.150002,514800,45.410347
"AVY",2015-03-27,52.139999,52.459999,52.07,52.360001,389200,45.593204
"AVY",2015-03-30,52.709999,53.740002,52.52,53.66,397900,46.725201
"AVY",2015-03-31,53.360001,53.439999,52.759998,52.91,542800,46.072121
"AVY",2015-04-01,52.77,52.98,52.27,52.98,612600,46.133072
"AVY",2015-04-02,52.939999,53.200001,52.599998,53,361700,46.15049
"AVY",2015-04-06,52.740002,53.5,52.630001,53.400002,470500,46.498798
"AVY",2015-04-07,53.310001,53.580002,53.099998,53.310001,619400,46.420425
"AVY",2015-04-08,53.41,53.900002,53.209999,53.860001,443100,46.899353
"AVY",2015-04-09,53.860001,54.029999,53.5,53.720001,827000,46.777439
"AVY",2015-04-10,53.73,54.130001,53.529999,54.040001,444600,47.056099
"AVY",2015-04-13,53.98,54.360001,53.790001,53.93,505100,46.960308
"AVY",2015-04-14,53.639999,53.959999,52.82,53.07,607700,46.211449
"AVY",2015-04-15,53.080002,53.259998,52.48,52.48,633400,45.697697
"AVY",2015-04-16,52.380001,52.57,51.830002,51.889999,529100,45.183941
"AVY",2015-04-17,51.610001,51.619999,50.939999,51.07,902200,44.469913
"AVY",2015-04-20,51.360001,51.580002,51.200001,51.43,786500,44.78339
"AVY",2015-04-21,51.59,51.720001,51.110001,51.5,964300,44.844349
"AVY",2015-04-22,51.549999,51.799999,51.330002,51.779999,755200,45.088158
"AVY",2015-04-23,51.75,51.91,51.509998,51.509998,580100,44.853054
"AVY",2015-04-24,51.650002,51.93,51.599998,51.91,582600,45.201359
"AVY",2015-04-27,52.049999,52.310001,51.869999,51.959999,754800,45.244892
"AVY",2015-04-28,51.93,52.110001,51.439999,51.84,667500,45.140411
"AVY",2015-04-29,55,55.98,54.509998,54.610001,2607500,47.552433
"AVY",2015-04-30,54.509998,56.84,54.509998,55.59,1710300,48.405777
"AVY",2015-05-01,55.52,56.209999,55.459999,56.16,1104000,48.902119
"AVY",2015-05-04,56.299999,56.91,56.060001,56.639999,637800,49.320072
"AVY",2015-05-05,57.439999,57.540001,56.419998,56.869999,1260400,49.52034
"AVY",2015-05-06,57.080002,57.790001,56.919998,57.720001,1258600,50.260506
"AVY",2015-05-07,57.650002,58,57.419998,57.700001,759200,50.243084
"AVY",2015-05-08,58.110001,58.490002,57.939999,58.200001,682200,50.678474
"AVY",2015-05-11,58.200001,58.98,58.169998,58.310001,1153900,50.774246
"AVY",2015-05-12,58.23,58.450001,57.990002,58.259998,924400,50.730721
"AVY",2015-05-13,58.849998,59.900002,58.5,59.830002,2301200,52.097813
"AVY",2015-05-14,59.959999,60.619999,59.779999,60.509998,1290800,52.689934
"AVY",2015-05-15,60.389999,60.580002,59.860001,60.52,1128400,52.698647
"AVY",2015-05-18,60.400002,60.490002,60.049999,60.209999,1070200,52.428696
"AVY",2015-05-19,60.299999,61.02,60.029999,61,768900,53.1166
"AVY",2015-05-20,61,61.209999,60.68,61.029999,728800,53.142727
"AVY",2015-05-21,60.990002,62.130001,60.799999,61.959999,1456600,53.952534
"AVY",2015-05-22,61.869999,62.779999,61.529999,62.580002,1229700,54.492413
"AVY",2015-05-26,62.400002,62.419998,61.75,62.080002,854000,54.057022
"AVY",2015-05-27,62.040001,63.419998,62.040001,63.18,1084300,55.014862
"AVY",2015-05-28,63.200001,63.349998,62.700001,62.810001,882800,54.692688
"AVY",2015-05-29,62.630001,62.84,61.759998,61.91,927000,53.908997
"AVY",2015-06-01,61.970001,62.119999,61.110001,61.880001,1077900,54.206852
"AVY",2015-06-02,61.610001,61.66,60.639999,60.77,1008700,53.234489
"AVY",2015-06-03,60.75,61.139999,60.639999,61.139999,955200,53.558598
"AVY",2015-06-04,60.599998,60.790001,59.68,60.560001,493700,53.050522
"AVY",2015-06-05,60.560001,61.110001,60.169998,60.799999,728700,53.260757
"AVY",2015-06-08,60.82,60.970001,60.610001,60.689999,659800,53.164406
"AVY",2015-06-09,60.810001,61.369999,60.599998,61.23,692700,53.637444
"AVY",2015-06-10,61.360001,62.290001,61.34,62.049999,1042700,54.355759
"AVY",2015-06-11,61.950001,62.77,61.900002,62.169998,1141900,54.460876
"AVY",2015-06-12,61.990002,62.73,61.959999,62.09,738600,54.390804
"AVY",2015-06-15,61.73,61.75,60.98,61.07,949700,53.497288
"AVY",2015-06-16,61.189999,61.810001,60.98,61.799999,542500,54.136765
"AVY",2015-06-17,61.790001,62.639999,61.689999,62.450001,567800,54.706169
"AVY",2015-06-18,62.59,63.150002,62.200001,62.619999,1107600,54.855087
"AVY",2015-06-19,62.57,62.709999,62.200001,62.23,1258200,54.513435
"AVY",2015-06-22,62.450001,62.5,61.869999,62.360001,1131900,54.627319
"AVY",2015-06-23,62.509998,62.84,61.93,62.150002,1098300,54.443363
"AVY",2015-06-24,62.18,62.259998,61.560001,61.650002,454800,54.005352
"AVY",2015-06-25,61.880001,61.880001,61.34,61.400002,470300,53.786366
"AVY",2015-06-26,61.599998,62.23,61.380001,62.200001,1853000,54.487164
"AVY",2015-06-29,61.700001,61.889999,60.970001,61.02,557500,53.45348
"AVY",2015-06-30,61.540001,61.599998,60.900002,60.939999,712000,53.383404
"AVY",2015-07-01,61.380001,62.459999,61.150002,62.209999,941000,54.495922
"AVY",2015-07-02,62.389999,62.599998,61.830002,62.169998,481000,54.460876
"AVY",2015-07-06,61.5,62.25,61.32,61.580002,821400,53.944042
"AVY",2015-07-07,61.57,61.959999,61,61.950001,851200,54.268162
"AVY",2015-07-08,61.450001,61.709999,60.669998,60.689999,570400,53.164406
"AVY",2015-07-09,61.400002,61.41,60.610001,60.630001,559900,53.111843
"AVY",2015-07-10,61.299999,61.720001,61.209999,61.599998,389300,53.961559
"AVY",2015-07-13,62.119999,62.540001,62.040001,62.380001,528100,54.644848
"AVY",2015-07-14,62.32,63.279999,62.32,63.07,734500,55.249268
"AVY",2015-07-15,63.189999,63.959999,63.040001,63.52,970300,55.643482
"AVY",2015-07-16,63.740002,64.040001,62.849998,62.959999,872700,55.152924
"AVY",2015-07-17,62.959999,62.959999,61.360001,61.82,1053100,54.154297
"AVY",2015-07-20,61.84,62.349998,61.799999,62.029999,621000,54.338245
"AVY",2015-07-21,62.099998,62.209999,61.360001,61.560001,495100,53.926525
"AVY",2015-07-22,61.490002,62.02,61.349998,61.900002,656000,54.224369
"AVY",2015-07-23,61.98,62.16,61.099998,61.220001,559200,53.628681
"AVY",2015-07-24,61.080002,61.43,59.93,60.110001,506200,52.656315
"AVY",2015-07-27,59.740002,60.009998,59.380001,59.790001,447400,52.375999
"AVY",2015-07-28,60,61.259998,59.810001,61.130001,1089800,53.549839
"AVY",2015-07-29,61.509998,63.939999,59.880001,60.860001,1496200,53.313324
"AVY",2015-07-30,60.5,61.830002,60.34,61.599998,649300,53.961559
"AVY",2015-07-31,61.959999,62.220001,60.540001,60.849998,724900,53.304554
"AVY",2015-08-03,61,61,59.860001,60.540001,1008500,53.032997
"AVY",2015-08-04,60.59,60.98,60.220001,60.310001,818000,52.831528
"AVY",2015-08-05,60.98,61.950001,60.73,61.369999,816200,53.760078
"AVY",2015-08-06,61.470001,62.310001,61.259998,61.869999,777000,54.198082
"AVY",2015-08-07,61.950001,63.07,61.490002,63.040001,830700,55.223003
"AVY",2015-08-10,63.290001,64.809998,63.290001,64.650002,1386800,56.633366
"AVY",2015-08-11,64.160004,64.370003,63.82,64.290001,668400,56.318005
"AVY",2015-08-12,63.560001,64.010002,62.799999,63.68,571400,55.783638
"AVY",2015-08-13,63.57,64.019997,63.07,63.689999,537600,55.792408
"AVY",2015-08-14,63.650002,64.290001,63.48,63.970001,573500,56.037682
"AVY",2015-08-17,63.610001,64.760002,63.41,64.489998,383600,56.493195
"AVY",2015-08-18,64.230003,64.43,63.68,63.779999,495800,55.871243
"AVY",2015-08-19,63.220001,63.84,62.950001,63.529999,644100,55.652248
"AVY",2015-08-20,63.09,63.189999,62,62,722800,54.311951
"AVY",2015-08-21,61.619999,61.98,60.25,60.25,681400,52.778965
"AVY",2015-08-24,55.110001,59.52,53.560001,57.23,1374500,50.13345
"AVY",2015-08-25,58.75,58.889999,55.84,55.91,977000,48.977119
"AVY",2015-08-26,57.139999,58.139999,55.990002,58.02,1039400,50.825485
"AVY",2015-08-27,58.73,59.529999,58.040001,59.110001,682100,51.780323
"AVY",2015-08-28,58.950001,59.669998,58.580002,59.57,929800,52.183281
"AVY",2015-08-31,59.130001,59.630001,57.91,58.080002,681100,51.196037
"AVY",2015-09-01,57,57.360001,55.91,56.299999,975000,49.627007
"AVY",2015-09-02,56.860001,57.48,56.330002,57.48,657500,50.667149
"AVY",2015-09-03,57.669998,58.619999,57.529999,58,845000,51.125519
"AVY",2015-09-04,57.119999,58.099998,57.060001,57.439999,758600,50.631889
"AVY",2015-09-08,58.5,59.209999,58.310001,59.110001,623500,52.103939
"AVY",2015-09-09,59.549999,59.630001,58.450001,58.529999,838600,51.592697
"AVY",2015-09-10,58.360001,59.540001,58.360001,58.889999,710200,51.910023
"AVY",2015-09-11,58.549999,58.830002,58,58.709999,380300,51.751358
"AVY",2015-09-14,58.709999,59.009998,58.130001,58.68,530300,51.724911
"AVY",2015-09-15,58.509998,59.459999,58.23,59.23,684900,52.209728
"AVY",2015-09-16,58.849998,60.349998,58.849998,60.209999,783000,53.073566
"AVY",2015-09-17,60.240002,61.060001,59.990002,60.290001,701600,53.144085
"AVY",2015-09-18,59.529999,60.029999,59.009998,59.16,844700,52.148022
"AVY",2015-09-21,59.470001,59.830002,58.48,58.73,581300,51.768982
"AVY",2015-09-22,57.860001,58.299999,57.119999,57.290001,926800,50.499664
"AVY",2015-09-23,57.509998,57.779999,56.759998,57.259998,775600,50.473225
"AVY",2015-09-24,56.73,56.990002,55.939999,56.82,869200,50.085373
"AVY",2015-09-25,57.66,57.68,55.900002,56.73,680900,50.006046
"AVY",2015-09-28,56.439999,56.68,55.509998,55.669998,797100,49.071682
"AVY",2015-09-29,55.779999,56,55.290001,55.59,540500,49.001156
"AVY",2015-09-30,56.290001,56.619999,55.57,56.57,997400,49.865005
"AVY",2015-10-01,56.490002,58.209999,56.439999,58.150002,1317900,51.257736
"AVY",2015-10-02,57.43,59.509998,56.939999,59.48,1034600,52.430096
"AVY",2015-10-05,59.830002,60.369999,59.040001,59.34,1133500,52.306698
"AVY",2015-10-06,59.310001,59.360001,58.299999,58.610001,665300,51.663219
"AVY",2015-10-07,58.950001,59.59,58.450001,58.790001,704800,51.821884
"AVY",2015-10-08,58.669998,59.299999,58.279999,59.150002,669700,52.139206
"AVY",2015-10-09,59.360001,60.220001,59.119999,59.610001,522400,52.544685
"AVY",2015-10-12,59.669998,60.040001,59.16,59.490002,544300,52.438915
"AVY",2015-10-13,59.25,59.689999,59.040001,59.25,745300,52.22736
"AVY",2015-10-14,59.299999,59.610001,58.5,58.630001,667900,51.680836
"AVY",2015-10-15,58.790001,59.41,58.029999,59.34,991100,52.306698
"AVY",2015-10-16,59.57,59.990002,59.369999,59.869999,586400,52.773872
"AVY",2015-10-19,59.73,60.23,59.48,60.18,371300,53.047131
"AVY",2015-10-20,60.049999,60.799999,59.759998,60.77,479800,53.567211
"AVY",2015-10-21,60.98,60.98,60.330002,60.41,501900,53.249874
"AVY",2015-10-22,60.950001,62.990002,60.900002,62.849998,503100,55.400669
"AVY",2015-10-23,63.459999,64.18,63.25,63.91,567300,56.335026
"AVY",2015-10-26,63.84,64.050003,63.279999,63.580002,653900,56.044144
"AVY",2015-10-27,63.209999,63.470001,62.330002,63.150002,730800,55.6651
"AVY",2015-10-28,63.27,64.309998,63.02,64.260002,527200,56.643536
"AVY",2015-10-29,63.830002,66.089996,63.830002,65.18,900100,57.454487
"AVY",2015-10-30,65.459999,65.68,64.769997,64.970001,1077300,57.26939
"AVY",2015-11-02,65.029999,65.989998,64.510002,65.690002,1209400,57.904041
"AVY",2015-11-03,65.660004,65.980003,65.080002,65.110001,1154700,57.392792
"AVY",2015-11-04,65.419998,65.5,64.129997,64.459999,1063500,56.819836
"AVY",2015-11-05,64.599998,65.059998,64.279999,64.830002,901300,57.145988
"AVY",2015-11-06,64.489998,65.089996,64.360001,65.089996,840500,57.37516
"AVY",2015-11-09,64.93,65.559998,64.550003,65.349998,728200,57.604359
"AVY",2015-11-10,65.269997,65.480003,63.060001,64.010002,1042900,56.423176
"AVY",2015-11-11,64.190002,65.550003,63.540001,65.239998,806800,57.507389
"AVY",2015-11-12,64.769997,65.059998,62.779999,62.880001,683200,55.427105
"AVY",2015-11-13,62.939999,63.029999,62.029999,62.369999,971100,54.977558
"AVY",2015-11-16,62.419998,63.549999,62.259998,63.34,685500,55.832581
"AVY",2015-11-17,63.529999,64.160004,63.18,63.580002,609900,56.044144
"AVY",2015-11-18,63.630001,65.470001,63.610001,65.379997,888100,57.630798
"AVY",2015-11-19,65.440002,66.199997,65.120003,66,701300,58.177292
"AVY",2015-11-20,66.279999,66.650002,65.730003,65.949997,567800,58.133236
"AVY",2015-11-23,65.849998,66.419998,65.419998,65.709999,584500,57.921673
"AVY",2015-11-24,65.290001,66.190002,64.940002,66.110001,702900,58.274277
"AVY",2015-11-25,66.099998,66.400002,65.580002,66.169998,387800,58.327156
"AVY",2015-11-27,66.059998,66.440002,65.580002,66.169998,325700,58.327156
"AVY",2015-11-30,65.849998,66.339996,65.440002,65.959999,890100,58.468987
"AVY",2015-12-01,66.059998,66.639999,65.82,66.18,689600,58.664017
"AVY",2015-12-02,66.040001,66.550003,65.239998,65.309998,651900,57.892803
"AVY",2015-12-03,65.440002,65.580002,63.48,64,1183800,56.731575
"AVY",2015-12-04,64.25,65.75,64.07,65.559998,870800,58.114414
"AVY",2015-12-07,65.169998,65.940002,64.709999,65.089996,852900,57.697796
"AVY",2015-12-08,64.379997,64.940002,63.919998,64.230003,702600,56.935463
"AVY",2015-12-09,64.169998,64.959999,63.189999,63.619999,739700,56.394737
"AVY",2015-12-10,63.799999,64.43,63.630001,63.700001,644300,56.465652
"AVY",2015-12-11,63,63.75,62.790001,62.939999,584700,55.791954
"AVY",2015-12-14,63.080002,63.82,62.48,62.82,698400,55.685596
"AVY",2015-12-15,63.439999,63.650002,62.790001,63.299999,1017200,56.11108
"AVY",2015-12-16,63.720001,64.709999,63.540001,64.559998,763100,57.227974
"AVY",2015-12-17,64.510002,64.639999,63.060001,63.07,670200,55.907211
"AVY",2015-12-18,62.900002,63.32,61.990002,62.060001,1335300,55.011902
"AVY",2015-12-21,62.669998,63.349998,62.43,62.900002,481200,55.756508
"AVY",2015-12-22,63.009998,63.279999,62.32,63.07,493200,55.907211
"AVY",2015-12-23,63.439999,63.959999,62.959999,63.939999,622300,56.678398
"AVY",2015-12-24,63.98,64.330002,63.529999,64.059998,193500,56.784771
"AVY",2015-12-28,63.700001,64.199997,63.299999,63.990002,289800,56.722717
"AVY",2015-12-29,64.470001,64.470001,63.23,63.59,673700,56.368141
"AVY",2015-12-30,63.220001,63.889999,62.98,63.34,891100,56.146534
"AVY",2015-12-31,63.200001,63.669998,62.630001,62.66,562900,55.543762
"AVY",2016-01-04,61.68,61.75,60.150002,61.200001,1241800,54.249569
"AVY",2016-01-05,61.139999,61.77,60.950001,61.669998,784300,54.666199
"AVY",2016-01-06,60.860001,61.529999,60.540001,60.950001,623300,54.027977
"AVY",2016-01-07,59.830002,60.419998,59.080002,59.119999,796500,52.405788
"AVY",2016-01-08,59.599998,60.439999,59.27,59.689999,1364400,52.911068
"AVY",2016-01-11,59.84,60.220001,58.790001,59.709999,1060900,52.928795
"AVY",2016-01-12,60.049999,60.490002,59.290001,59.900002,893200,53.097206
"AVY",2016-01-13,59.939999,60.52,58.459999,58.669998,919000,52.006893
"AVY",2016-01-14,58.84,60.52,58.720001,59.93,1038600,53.12381
"AVY",2016-01-15,58.23,59.189999,57.869999,58.939999,965400,52.246235
"AVY",2016-01-19,59.650002,59.650002,58.360001,58.970001,787500,52.272835
"AVY",2016-01-20,58.169998,59.52,57.060001,59.02,785400,52.31715
"AVY",2016-01-21,59.389999,59.59,58.610001,58.889999,1053800,52.201916
"AVY",2016-01-22,60,60.790001,59.610001,60.740002,893900,53.841812
"AVY",2016-01-25,60.139999,60.389999,57.959999,58.16,1273500,51.554829
"AVY",2016-01-26,58.07,59.939999,57.619999,59.610001,743000,52.840157
"AVY",2016-01-27,59.32,60.240002,59.200001,59.700001,1243500,52.91993
"AVY",2016-01-28,60.080002,60.18,59.169998,59.349998,676100,52.609673
"AVY",2016-01-29,59.650002,60.970001,59.27,60.889999,907400,53.974777
"AVY",2016-02-01,60.669998,61.18,60.200001,61.029999,1704100,54.098885
"AVY",2016-02-02,60.310001,60.560001,59.380001,59.860001,1287700,53.061768
"AVY",2016-02-03,63.799999,66.370003,62.650002,63.740002,2587700,56.501118
"AVY",2016-02-04,63.43,64.800003,63.43,64.370003,1805900,57.059559
"AVY",2016-02-05,64.120003,64.650002,62.93,63.200001,1048500,56.022438
"AVY",2016-02-08,62.73,62.73,60.639999,61.330002,1066500,54.364807
"AVY",2016-02-09,60.73,63.470001,60.369999,62.889999,1635900,55.747639
"AVY",2016-02-10,63.330002,64.5,62.950001,63.040001,1017800,55.8806
"AVY",2016-02-11,61.959999,62.66,61.59,62.279999,792800,55.206928
"AVY",2016-02-12,62.950001,64.099998,62.57,63.98,783700,56.713863
"AVY",2016-02-16,64.709999,64.970001,63.689999,64.830002,946300,57.467316
"AVY",2016-02-17,65.190002,65.620003,64.07,64.199997,832400,56.908875
"AVY",2016-02-18,64.099998,64.43,63.73,64.18,758500,56.891144
"AVY",2016-02-19,64.300003,64.849998,63.919998,64.589996,996800,57.254574
"AVY",2016-02-22,64.589996,65.690002,64.449997,65.029999,711600,57.6446
"AVY",2016-02-23,64.720001,65.139999,63.84,63.990002,565300,56.722717
"AVY",2016-02-24,63.48,64.889999,62.990002,64.779999,730800,57.422989
"AVY",2016-02-25,65.160004,66.279999,65.07,66.239998,647800,58.717178
"AVY",2016-02-26,66.610001,66.889999,66.209999,66.449997,618000,58.903343
"AVY",2016-02-29,66.040001,66.529999,65.120003,65.120003,1146900,58.0476
"AVY",2016-03-01,65.800003,67.550003,65.75,66.790001,1338900,59.536228
"AVY",2016-03-02,66.589996,67.889999,66.360001,67.449997,1145700,60.124542
"AVY",2016-03-03,67.43,68.330002,67.150002,68.239998,1010700,60.828747
"AVY",2016-03-04,68,68.209999,67.5,67.860001,1114300,60.490017
"AVY",2016-03-07,67.459999,67.940002,67.269997,67.940002,1110300,60.561329
"AVY",2016-03-08,67.690002,68.730003,67.080002,68.18,978300,60.775272
"AVY",2016-03-09,68.580002,69.709999,68.059998,69.099998,1164800,61.595345
"AVY",2016-03-10,69.309998,70.139999,68.940002,69.629997,999000,62.067791
"AVY",2016-03-11,70.360001,70.360001,69.019997,69.849998,864200,62.263897
"AVY",2016-03-14,69.629997,69.800003,68.82,69.230003,1067200,61.711239
"AVY",2016-03-15,68.650002,69.410004,68.360001,69.010002,1064000,61.515121
"AVY",2016-03-16,68.900002,69.5,68.330002,69.199997,923600,61.68449
"AVY",2016-03-17,69.5,70,69.099998,69.800003,1327200,62.219326
"AVY",2016-03-18,69.989998,70.739998,69.660004,70.459999,4154400,62.807636
"AVY",2016-03-21,70.459999,71.059998,70.459999,70.970001,783100,63.262249
"AVY",2016-03-22,70.919998,71.959999,70.809998,71.440002,829000,63.681206
"AVY",2016-03-23,71.110001,71.849998,70.940002,71.349998,810100,63.600979
"AVY",2016-03-24,71.040001,71.480003,70.730003,70.989998,566900,63.280106
"AVY",2016-03-28,71.300003,71.550003,71.110001,71.269997,435500,63.529659
"AVY",2016-03-29,71.330002,72.480003,71.110001,72.43,583800,64.563675
"AVY",2016-03-30,72.620003,72.639999,71.739998,72.400002,392900,64.536942
"AVY",2016-03-31,72.410004,72.529999,71.779999,72.110001,783600,64.27845
"AVY",2016-04-01,71.739998,72.959999,71.550003,72.860001,1002300,64.946983
"AVY",2016-04-04,73,73.220001,72.309998,72.82,1020900,64.911331
"AVY",2016-04-05,72.699997,72.800003,71.650002,72.059998,971000,64.233856
"AVY",2016-04-06,72.129997,73.150002,71.93,73.019997,826700,65.0896
"AVY",2016-04-07,72.470001,72.669998,71.330002,71.57,1166600,63.79707
"AVY",2016-04-08,72.150002,72.480003,71.5,71.720001,665600,63.930813
"AVY",2016-04-11,71.830002,72.279999,71.260002,71.360001,756600,63.609917
"AVY",2016-04-12,71.360001,71.809998,71.25,71.610001,773300,63.832733
"AVY",2016-04-13,71.949997,72.389999,71.459999,72.309998,585700,64.456726
"AVY",2016-04-14,72.220001,72.589996,71.910004,72.010002,459100,64.189308
"AVY",2016-04-15,72.010002,72.650002,72.010002,72.589996,548700,64.706306
"AVY",2016-04-18,72.279999,73.389999,72.029999,73.389999,547400,65.419441
"AVY",2016-04-19,73.68,74.330002,73.339996,73.389999,583800,65.419441
"AVY",2016-04-20,73.410004,73.709999,72.959999,73.019997,538000,65.0896
"AVY",2016-04-21,73.160004,73.739998,72.660004,72.809998,525700,64.90242
"AVY",2016-04-22,73.010002,73.57,72.5,73.519997,670000,65.535301
"AVY",2016-04-25,73.260002,73.260002,72.580002,72.790001,387000,64.884605
"AVY",2016-04-26,72.830002,72.989998,72.449997,72.739998,1044900,64.840027
"AVY",2016-04-27,73.580002,75.139999,73.57,74.470001,1219500,66.382141
"AVY",2016-04-28,73.800003,73.989998,73.029999,73.440002,1350900,65.464005
"AVY",2016-04-29,73.370003,73.370003,72.279999,72.610001,1116100,64.724136
"AVY",2016-05-02,72.650002,74.480003,72.260002,74.349998,898900,66.275169
"AVY",2016-05-03,74.010002,75.190002,73.220001,75.169998,1768600,67.006111
"AVY",2016-05-04,74.589996,75.099998,73.389999,73.980003,839600,65.945351
"AVY",2016-05-05,74,74.459999,73.809998,74.059998,646700,66.016663
"AVY",2016-05-06,74,74.879997,73.529999,74.870003,592700,66.738693
"AVY",2016-05-09,74.830002,75.400002,74.720001,75.190002,598300,67.023956
"AVY",2016-05-10,75.300003,76.449997,75.129997,76.449997,570700,68.147095
"AVY",2016-05-11,76.459999,76.459999,75.269997,75.800003,596100,67.56768
"AVY",2016-05-12,76.279999,76.739998,75.75,76.370003,735300,68.075798
"AVY",2016-05-13,76.220001,76.809998,75.220001,75.580002,796400,67.371582
"AVY",2016-05-16,75.739998,76.959999,75.639999,76.739998,493200,68.405594
"AVY",2016-05-17,76.360001,76.489998,74.82,75.32,696300,67.139809
"AVY",2016-05-18,75.169998,75.330002,74.129997,74.440002,729900,66.3554
"AVY",2016-05-19,74.330002,74.730003,73.699997,74.620003,601000,66.515869
"AVY",2016-05-20,73.970001,74.279999,73.279999,73.309998,1744600,65.348122
"AVY",2016-05-23,73.339996,74.169998,73.330002,73.449997,773000,65.472916
"AVY",2016-05-24,73.879997,74.629997,73.730003,74.5,459700,66.408867
"AVY",2016-05-25,74.989998,75.440002,74.739998,74.910004,494600,66.774338
"AVY",2016-05-26,74.949997,75.389999,74.330002,74.370003,366000,66.292999
"AVY",2016-05-27,74,74.669998,73.330002,74.669998,469600,66.929413
"AVY",2016-05-31,74.75,74.779999,73.860001,74.379997,788500,66.669456
"AVY",2016-06-01,73.82,74.32,73.589996,74.160004,539600,66.47226
"AVY",2016-06-02,74.150002,75.279999,73.790001,75.279999,711400,67.476173
"AVY",2016-06-03,75.370003,75.839996,74.870003,75.75,827300,67.897438
"AVY",2016-06-06,75.860001,76.360001,75.589996,76,712800,68.121529
"AVY",2016-06-07,76,76.5,75.82,76.019997,578700,68.139442
"AVY",2016-06-08,76.129997,76.599998,75.620003,76.459999,341800,68.533836
"AVY",2016-06-09,76.32,76.75,76.040001,76.57,383400,68.632431
"AVY",2016-06-10,76.080002,77.25,76,77.110001,678900,69.116455
"AVY",2016-06-13,76.68,77.010002,75.690002,75.709999,540500,67.86158
"AVY",2016-06-14,75.339996,76.080002,74.830002,75.879997,787400,68.013954
"AVY",2016-06-15,75.970001,76.519997,74.639999,75.660004,682000,67.81678
"AVY",2016-06-16,75.459999,75.959999,74.989998,75.889999,779700,68.022919
"AVY",2016-06-17,75.790001,75.790001,74.339996,75.040001,644500,67.261047
"AVY",2016-06-20,76,76.699997,75.900002,76.220001,523400,68.31871
"AVY",2016-06-21,76.480003,76.769997,76.25,76.330002,518700,68.417328
"AVY",2016-06-22,76.370003,76.779999,76.129997,76.360001,620100,68.444206
"AVY",2016-06-23,77.190002,77.379997,76.739998,77.120003,295000,69.125427
"AVY",2016-06-24,74.650002,75.900002,73.279999,73.620003,825800,65.988243
"AVY",2016-06-27,72.959999,73.18,70.910004,71.110001,965000,63.73843
"AVY",2016-06-28,71.639999,72.010002,71.129997,72,1426000,64.536163
"AVY",2016-06-29,72.919998,73.050003,72.459999,72.82,612300,65.271164
"AVY",2016-06-30,73.110001,74.75,72.830002,74.75,659100,67.001083
"AVY",2016-07-01,72.529999,73.459999,72.190002,72.620003,1582400,65.091896
"AVY",2016-07-05,72.169998,72.290001,70.809998,71.129997,1309800,63.756351
"AVY",2016-07-06,71.120003,72.139999,70.809998,71.82,1097200,64.374825
"AVY",2016-07-07,71.970001,72.809998,71.669998,72.169998,790800,64.688545
"AVY",2016-07-08,72.910004,73.360001,72.470001,73.300003,520800,65.701424
"AVY",2016-07-11,73.5,73.620003,72.690002,72.989998,747900,65.423538
"AVY",2016-07-12,73.160004,73.440002,72.720001,72.959999,1027300,65.396652
"AVY",2016-07-13,73.32,73.769997,72.980003,73.18,846300,65.593849
"AVY",2016-07-14,73.730003,74.019997,73.349998,73.360001,584100,65.755196
"AVY",2016-07-15,73.68,74.18,73.470001,73.529999,582700,65.907578
"AVY",2016-07-18,73.349998,74.279999,73.199997,73.809998,671400,66.158546
"AVY",2016-07-19,73.459999,73.540001,72.470001,72.910004,473000,65.351837
"AVY",2016-07-20,73.029999,73.769997,72.940002,73.43,407900,65.817917
"AVY",2016-07-21,73.480003,73.5,72.190002,72.360001,540300,64.858856
"AVY",2016-07-22,72.300003,72.93,72.029999,72.599998,621600,65.073975
"AVY",2016-07-25,72.620003,72.800003,71.849998,72.260002,646700,64.769203
"AVY",2016-07-26,74.5,76.449997,73.639999,76.370003,1580000,68.453163
"AVY",2016-07-27,76.669998,78.82,76.57,78.550003,1531500,70.40715
"AVY",2016-07-28,78.540001,78.82,77.360001,78.150002,748100,70.048653
"AVY",2016-07-29,77.839996,78.110001,77.010002,77.889999,706200,69.81559
"AVY",2016-08-01,77.620003,78.279999,77.620003,78.150002,706500,70.048653
"AVY",2016-08-02,78.209999,78.660004,77.760002,77.849998,997700,69.779739
"AVY",2016-08-03,77.730003,77.82,76.739998,77.239998,722300,69.232948
"AVY",2016-08-04,77.43,77.879997,77.260002,77.389999,430900,69.367432
"AVY",2016-08-05,77.839996,78.949997,77.699997,78.459999,572300,70.3265
"AVY",2016-08-08,78.330002,78.980003,78.050003,78.720001,697900,70.559555
"AVY",2016-08-09,78.839996,79.089996,78.480003,78.730003,503700,70.568512
"AVY",2016-08-10,78.730003,79.269997,78.029999,78.690002,672700,70.532661
"AVY",2016-08-11,78.790001,79.019997,77.870003,78.300003,585200,70.183098
"AVY",2016-08-12,78.059998,78.360001,77.980003,78.190002,428600,70.084496
"AVY",2016-08-15,78.400002,78.660004,78.169998,78.169998,458400,70.066559
"AVY",2016-08-16,77.940002,78.089996,77.300003,77.300003,391600,69.286758
"AVY",2016-08-17,77.379997,77.43,77.029999,77.290001,514300,69.277794
"AVY",2016-08-18,77.160004,77.389999,76.760002,76.949997,645000,68.973038
"AVY",2016-08-19,76.419998,77.620003,76.290001,77.449997,418200,69.421211
"AVY",2016-08-22,77.169998,77.190002,76.470001,77.160004,546600,69.161278
"AVY",2016-08-23,77.620003,78.300003,77.540001,78.160004,491200,70.057594
"AVY",2016-08-24,78.190002,78.190002,77.199997,77.370003,347000,69.349503
"AVY",2016-08-25,77.370003,78.230003,76.839996,77.900002,650200,69.824554
"AVY",2016-08-26,78.080002,78.239998,76.730003,76.93,577100,68.955109
"AVY",2016-08-29,77.139999,77.800003,76.849998,77.370003,500400,69.349503
"AVY",2016-08-30,77.459999,77.870003,77.209999,77.5,333700,69.466019
"AVY",2016-08-31,77.459999,77.669998,77.050003,77.440002,560000,69.412247
"AVY",2016-09-01,77.559998,77.919998,76.809998,77.339996,484000,69.322609
"AVY",2016-09-02,77.389999,78.370003,77.389999,78.139999,530000,70.412956
"AVY",2016-09-06,78.510002,78.550003,77.400002,78.110001,465700,70.385941
"AVY",2016-09-07,78.029999,78.480003,77.790001,78.330002,395600,70.584175
"AVY",2016-09-08,77.949997,78.32,77.610001,77.620003,533200,69.944359
"AVY",2016-09-09,77.019997,77.059998,75.330002,75.330002,1004100,67.880821
"AVY",2016-09-12,74.959999,76.510002,74.68,76.290001,518600,68.745903
"AVY",2016-09-13,75.809998,76.150002,75.220001,75.610001,505900,68.133141
"AVY",2016-09-14,75.5,76,75.309998,75.519997,382800,68.052063
"AVY",2016-09-15,75.57,76.949997,75.410004,76.839996,436500,69.241508
"AVY",2016-09-16,76.910004,77.25,76.400002,76.410004,799800,68.854034
"AVY",2016-09-19,76.949997,77.720001,76.889999,77.449997,606400,69.791199
"AVY",2016-09-20,78.010002,78.010002,77.580002,77.620003,533700,69.944359
"AVY",2016-09-21,77.660004,78.18,77.279999,78.150002,423200,70.421982
"AVY",2016-09-22,78.769997,78.959999,78.199997,78.839996,702300,71.043732
"AVY",2016-09-23,78.349998,78.889999,78.129997,78.25,331800,70.512085
"AVY",2016-09-26,77.779999,78.290001,77.400002,77.459999,421300,69.800201
"AVY",2016-09-27,77.290001,77.879997,77.110001,77.779999,408600,70.088554
"AVY",2016-09-28,77.93,78.449997,77.769997,78.309998,331100,70.566139
"AVY",2016-09-29,78.059998,78.279999,76.940002,77.050003,404200,69.430756
"AVY",2016-09-30,77.57,78.050003,76.949997,77.790001,582200,70.097595
"AVY",2016-10-03,77.360001,78.080002,77.080002,78.040001,911800,70.322853
"AVY",2016-10-04,78.099998,78.330002,75.550003,75.75,969100,68.259308
"AVY",2016-10-05,75.779999,76.580002,75.540001,76.050003,678200,68.529625
"AVY",2016-10-06,75.889999,77.360001,75.779999,77.199997,560900,69.565903
"AVY",2016-10-07,77.370003,77.370003,75.900002,76.400002,531200,68.845032
"AVY",2016-10-10,76.93,77.360001,76.150002,76.209999,429100,68.673798
"AVY",2016-10-11,75.839996,75.949997,75.290001,75.559998,352200,68.088081
"AVY",2016-10-12,75.800003,76.239998,75.720001,76.080002,472000,68.556664
"AVY",2016-10-13,75.389999,76.25,74.769997,75.720001,499400,68.232262
"AVY",2016-10-14,76.18,77.099998,76.169998,76.449997,392400,68.890068
"AVY",2016-10-17,76.660004,77.480003,76.400002,76.510002,387500,68.944145
"AVY",2016-10-18,77.029999,77.480003,76.419998,76.440002,461100,68.881065
"AVY",2016-10-19,76.620003,77.059998,75.940002,76.650002,368400,69.070313
"AVY",2016-10-20,76.309998,76.309998,75.349998,75.93,589000,68.421501
"AVY",2016-10-21,75.400002,75.720001,74.910004,75.5,408900,68.033997
"AVY",2016-10-24,76.110001,76.510002,75.580002,75.900002,498500,68.39447
"AVY",2016-10-25,75.75,76.080002,75.360001,75.769997,915900,68.277328
"AVY",2016-10-26,74.199997,75.379997,68.620003,70.959999,2878800,63.942966
"AVY",2016-10-27,71.269997,71.269997,70.07,70.360001,1854800,63.402294
"AVY",2016-10-28,70.099998,70.699997,68.550003,68.610001,1377200,61.825363
"AVY",2016-10-31,68.669998,69.970001,68.660004,69.790001,979300,62.888664
"AVY",2016-11-01,69.849998,69.959999,68.68,69.190002,848000,62.348003
"AVY",2016-11-02,69.099998,69.339996,68.68,68.989998,806300,62.167767
"AVY",2016-11-03,69.550003,70.559998,69.389999,70.449997,1386100,63.483414
"AVY",2016-11-04,70.32,71.68,70.309998,70.68,1108000,63.690662
"AVY",2016-11-07,71.669998,71.790001,70.970001,71.610001,587400,64.528702
"AVY",2016-11-08,71.400002,71.709999,71.019997,71.260002,627600,64.21331
"AVY",2016-11-09,70.330002,71.309998,68.980003,71.040001,658000,64.015053
"AVY",2016-11-10,71.269997,71.43,69.839996,70.279999,963400,63.330215
"AVY",2016-11-11,70.080002,70.5,68.93,69.550003,964400,62.672398
"AVY",2016-11-14,69.580002,70.790001,69.150002,70.75,1062600,63.753712
"AVY",2016-11-15,70.800003,71.360001,70.580002,71.169998,693600,64.132202
"AVY",2016-11-16,70.910004,71.540001,70.519997,71.379997,885800,64.321434
"AVY",2016-11-17,71.269997,72.440002,71.230003,71.940002,1044500,64.826065
"AVY",2016-11-18,71.68,71.779999,70.489998,70.580002,551500,63.600563
"AVY",2016-11-21,70.580002,70.760002,70.110001,70.25,525900,63.303185
"AVY",2016-11-22,70.510002,71.739998,70.360001,71.68,675800,64.591759
"AVY",2016-11-23,71.5,72.019997,71.099998,71.220001,679700,64.177261
"AVY",2016-11-25,71.309998,71.720001,71.080002,71.709999,253700,64.618797
"AVY",2016-11-28,71.599998,72.720001,71.559998,72.57,842600,65.393761
"AVY",2016-11-29,72.449997,73.309998,72.099998,72.949997,952300,65.736183
"AVY",2016-11-30,72.989998,73,71.790001,72.059998,1383700,64.934181
"AVY",2016-12-01,72.059998,72.110001,70.720001,71.18,1003000,64.141197
"AVY",2016-12-02,71.18,72.029999,71.080002,71.720001,821800,64.627815
"AVY",2016-12-05,71.809998,72.75,71.809998,72.709999,1022900,65.896629
"AVY",2016-12-06,72.589996,73.330002,72.169998,73.209999,1116700,66.34977
"AVY",2016-12-07,73.5,74.029999,72.459999,73.309998,756800,66.440399
"AVY",2016-12-08,73.309998,74.160004,72.949997,73.68,755000,66.775742
"AVY",2016-12-09,73.43,73.650002,72.379997,72.620003,742500,65.815048
"AVY",2016-12-12,72.599998,72.949997,71.879997,72.709999,641700,65.896629
"AVY",2016-12-13,72.860001,73.5,72.410004,72.550003,850800,65.751633
"AVY",2016-12-14,72.660004,73,71.639999,71.779999,536200,65.053757
"AVY",2016-12-15,71.559998,71.940002,71.400002,71.730003,592400,65.008461
"AVY",2016-12-16,72.059998,72.709999,71.75,71.940002,1443100,65.198776
"AVY",2016-12-19,71.730003,72.360001,71.050003,71.279999,503100,64.600616
"AVY",2016-12-20,71.139999,71.730003,70.300003,71.519997,738100,64.818138
"AVY",2016-12-21,71.389999,72.150002,70.760002,71.57,321200,64.863457
"AVY",2016-12-22,71.660004,71.82,70.910004,71.370003,353600,64.682198
"AVY",2016-12-23,71.209999,71.540001,71.099998,71.43,289700,64.736565
"AVY",2016-12-27,71.660004,72.260002,71.389999,71.690002,224300,64.972191
"AVY",2016-12-28,71.919998,72.18,70.730003,70.790001,288000,64.156532
"AVY",2016-12-29,70.860001,71.57,70.349998,70.620003,365100,64.002464
"AVY",2016-12-30,70.940002,71.230003,70.019997,70.220001,585400,63.63995
"AVY",2017-01-03,70.760002,70.870003,69.529999,70.139999,865600,63.567444
"AVY",2017-01-04,70.449997,72.139999,69.970001,72.139999,887700,65.380043
"AVY",2017-01-05,72,72.440002,70.900002,71.43,647200,64.736565
"AVY",2017-01-06,72.290001,72.519997,71.910004,72.400002,719600,65.615692
"AVY",2017-01-09,72.480003,73.389999,72.25,72.559998,761000,65.760681
"AVY",2017-01-10,72.559998,73.300003,72.279999,72.730003,640800,65.914734
"AVY",2017-01-11,72.480003,72.830002,72.349998,72.699997,399500,65.887558
"AVY",2017-01-12,72.459999,72.57,71.389999,72.129997,510700,65.370987
"AVY",2017-01-13,72.43,72.949997,71.809998,72.150002,574500,65.389107
"AVY",2017-01-17,72.160004,72.800003,71.949997,72.449997,544200,65.66098
"AVY",2017-01-18,72.440002,73.169998,72,73.169998,760500,66.313515
"AVY",2017-01-19,73.150002,73.43,72.459999,72.489998,635800,65.697235
"AVY",2017-01-20,72.870003,73.089996,72.050003,72.410004,524900,65.624756
"AVY",2017-01-23,72.300003,72.980003,72.010002,72.889999,400900,66.059761
"AVY",2017-01-24,72.839996,73.989998,72.82,73.830002,645600,66.91169
"AVY",2017-01-25,74.169998,74.82,73.220001,74.489998,769700,67.509842
"AVY",2017-01-26,74.160004,74.339996,72.860001,73.339996,939000,66.46759
"AVY",2017-01-27,73.510002,73.779999,72.989998,73.769997,755600,66.857277
"AVY",2017-01-30,73.230003,73.650002,72.089996,72.910004,1337900,66.077881
"AVY",2017-01-31,72.660004,73.610001,71.709999,73.019997,1673700,66.177582
"AVY",2017-02-01,78.970001,80.839996,76.510002,79.650002,3018700,72.186317
"AVY",2017-02-02,79.669998,80.769997,79.550003,80.010002,1709500,72.512558
"AVY",2017-02-03,80.419998,80.480003,78.730003,79.050003,977600,71.642532
"AVY",2017-02-06,78.800003,79.839996,78.169998,79.510002,848100,72.059441
"AVY",2017-02-07,79.400002,79.860001,78.769997,79.139999,911800,71.724106
"AVY",2017-02-08,78.970001,79.639999,78.660004,79.410004,856200,71.968803
"AVY",2017-02-09,79.510002,79.75,78.860001,78.900002,741100,71.506599
"AVY",2017-02-10,78.849998,79.779999,78.550003,79.269997,519400,71.841904
"AVY",2017-02-13,79.370003,79.889999,79.169998,79.449997,452100,72.005043
"AVY",2017-02-14,79.459999,79.919998,78.82,79.290001,624500,71.860046
"AVY",2017-02-15,79.059998,79.93,79.059998,79.540001,481500,72.086624
"AVY",2017-02-16,79.830002,80.459999,79.650002,80.160004,971600,72.648514
"AVY",2017-02-17,79.970001,79.980003,79.010002,79.410004,584900,71.968803
"AVY",2017-02-21,79.400002,80.43,79.260002,80.349998,486600,72.820702
"AVY",2017-02-22,80.089996,80.220001,79.309998,79.809998,476500,72.331322
"AVY",2017-02-23,80.139999,80.919998,79.489998,80.650002,705700,73.092598
"AVY",2017-02-24,80.470001,80.870003,79.870003,80.25,586700,72.730087
"AVY",2017-02-27,80.160004,81.269997,80.019997,80.699997,620700,73.513496
"AVY",2017-02-28,80.5,81.160004,80.220001,80.709999,652000,73.522591
"AVY",2017-03-01,81.5,82.110001,81.209999,81.849998,814000,74.561081
"AVY",2017-03-02,81.610001,81.980003,81.050003,81.769997,855600,74.488205
"AVY",2017-03-03,81.720001,81.980003,81.139999,81.760002,590000,74.479095
"AVY",2017-03-06,81.190002,81.800003,80.739998,81.139999,721100,73.914314
"AVY",2017-03-07,81.029999,81.379997,80.050003,80.400002,812600,73.240204
"AVY",2017-03-08,80.389999,80.699997,79.839996,79.970001,770500,72.848503
"AVY",2017-03-09,79.900002,80.099998,79.449997,79.889999,648200,72.77562
"AVY",2017-03-10,80.32,80.849998,80.139999,80.5,544700,73.331306
"AVY",2017-03-13,80.510002,80.940002,79.879997,80.300003,308700,73.149109
"AVY",2017-03-14,80.110001,80.510002,79.75,79.879997,397600,72.766525
"AVY",2017-03-15,79.980003,80.660004,79.970001,80.57,612500,73.395073
"AVY",2017-03-16,80.68,80.68,79.510002,79.779999,427500,72.675423
"AVY",2017-03-17,79.970001,80.470001,79.540001,80.389999,942800,73.231094
"AVY",2017-03-20,80.230003,80.309998,79.410004,79.779999,451200,72.675423
"AVY",2017-03-21,79.68,80.18,78.529999,78.800003,631300,71.782692
"AVY",2017-03-22,78.809998,79.419998,78.470001,78.910004,540200,71.882889
"AVY",2017-03-23,78.980003,79.93,78.900002,79.669998,620800,72.575218
"AVY",2017-03-24,79.519997,80.230003,79.209999,79.610001,552900,72.520576
"AVY",2017-03-27,78.82,79.75,78.610001,79.610001,506100,72.520576
"AVY",2017-03-28,79.629997,80.800003,79.580002,80.400002,507700,73.240204
"AVY",2017-03-29,80.220001,80.599998,80.040001,80.339996,1112700,73.185547
"AVY",2017-03-30,80.32,80.489998,79.82,80.480003,372600,73.313095
"AVY",2017-03-31,80.349998,80.739998,80.040001,80.599998,644200,73.422386
"AVY",2017-04-03,80.860001,81.120003,80.5,80.970001,566600,73.759445
"AVY",2017-04-04,80.959999,81.230003,80.330002,80.660004,612500,73.477066
"AVY",2017-04-05,80.769997,81.010002,79.919998,80.080002,782300,72.94873
"AVY",2017-04-06,80.139999,80.139999,79.5,79.849998,523800,72.739174
"AVY",2017-04-07,79.839996,80.199997,79.260002,79.540001,540300,72.45681
"AVY",2017-04-10,79.599998,80.239998,79.449997,79.830002,754600,72.72097
"AVY",2017-04-11,79.529999,79.900002,79.129997,79.669998,454300,72.575218
"AVY",2017-04-12,79.309998,79.790001,79.230003,79.639999,568500,72.547874
"AVY",2017-04-13,79.68,79.949997,79.360001,79.480003,1085400,72.40213
"AVY",2017-04-17,79.769997,80.290001,79.629997,80.290001,339400,73.140007
"AVY",2017-04-18,80.120003,80.870003,80.120003,80.739998,618700,73.549919
"AVY",2017-04-19,80.860001,81.519997,80.830002,81.480003,601800,74.224037
"AVY",2017-04-20,81.669998,82.360001,81.330002,82.199997,1407500,74.879921
"AVY",2017-04-21,82.169998,82.389999,81.599998,81.690002,1136000,74.415337
"AVY",2017-04-24,82.599998,82.779999,81.779999,82.440002,706800,75.098534
"AVY",2017-04-25,82.709999,82.860001,82.059998,82.410004,724800,75.07122
"AVY",2017-04-26,82.169998,83.660004,80.910004,83.199997,1265000,75.790863
"AVY",2017-04-27,83.480003,83.93,82.110001,83.540001,928800,76.100578
"AVY",2017-04-28,83.470001,83.860001,83.010002,83.209999,854400,75.79998
"AVY",2017-05-01,83.199997,83.830002,83.010002,83.599998,535600,76.155228
"AVY",2017-05-02,83.599998,84.080002,83.269997,83.449997,765300,76.018585
"AVY",2017-05-03,83.370003,83.480003,82.989998,83.339996,467100,75.918396
"AVY",2017-05-04,83.529999,83.989998,83.419998,83.699997,545800,76.24633
"AVY",2017-05-05,83.830002,84.279999,83.760002,84.169998,334400,76.674469
"AVY",2017-05-08,84.139999,84.519997,83.669998,83.760002,327100,76.30101
"AVY",2017-05-09,83.730003,83.980003,82.68,83.010002,815700,75.617775
"AVY",2017-05-10,82.910004,83.540001,82.839996,83.540001,675000,76.100578
"AVY",2017-05-11,83.169998,83.589996,82.830002,83.589996,469900,76.146133
"AVY",2017-05-12,83.32,83.75,83.010002,83.349998,445300,75.927498
"AVY",2017-05-15,83.389999,84.220001,83.110001,84.169998,584500,76.674469
"AVY",2017-05-16,84.199997,84.57,83.699997,84.309998,542400,76.802025
"AVY",2017-05-17,84.309998,84.309998,82.5,82.639999,565200,75.280731
"AVY",2017-05-18,82.470001,82.809998,81.839996,82.5,731700,75.153206
"AVY",2017-05-19,82.75,83.120003,82.360001,82.760002,720800,75.390053
"AVY",2017-05-22,82.75,83.309998,82.5,83.190002,288900,75.781738
"AVY",2017-05-23,83.300003,83.639999,82.75,82.800003,316700,75.426483
"AVY",2017-05-24,82.919998,83.25,82.730003,82.82,531600,75.444717
"AVY",2017-05-25,83.139999,84.059998,82.980003,83.830002,520600,76.364761
"AVY",2017-05-26,83.730003,84.309998,83.5,84.290001,302400,76.783791
"AVY",2017-05-30,84.339996,84.629997,83.949997,84.419998,321400,76.902214
"AVY",2017-05-31,84.739998,84.75,83.940002,84.260002,758000,76.75647
"AVY",2017-06-01,84.290001,85.900002,84.019997,85.75,756700,78.113777
"AVY",2017-06-02,85.830002,85.830002,84.690002,84.75,362800,77.202843
"AVY",2017-06-05,84.400002,84.790001,83.889999,84.129997,730500,77.04715
"AVY",2017-06-06,83.940002,84,83.199997,83.709999,735100,76.662521
"AVY",2017-06-07,84.059998,84.110001,83.260002,83.589996,518400,76.552605
"AVY",2017-06-08,83.589996,83.699997,83.099998,83.279999,604300,76.268715
"AVY",2017-06-09,83.470001,84.349998,83.209999,84.089996,481900,77.010506
"AVY",2017-06-12,84.010002,84.449997,83.75,84.449997,456100,77.34021
"AVY",2017-06-13,84.43,85.580002,84.370003,85.480003,562500,78.283485
"AVY",2017-06-14,85.379997,86.010002,85.300003,85.449997,444300,78.256012
"AVY",2017-06-15,85.309998,86.25,85.160004,85.550003,492200,78.347603
"AVY",2017-06-16,85.529999,85.720001,84.760002,85.650002,669600,78.439178
"AVY",2017-06-19,85.879997,86.800003,85.690002,86.669998,1024900,79.373306
"AVY",2017-06-20,87.760002,89.07,87.5,87.919998,771600,80.518074
"AVY",2017-06-21,87.629997,88.07,87.099998,87.730003,475100,80.34407
"AVY",2017-06-22,87.849998,87.900002,87.389999,87.550003,474300,80.179222
"AVY",2017-06-23,87.739998,88.150002,87.459999,88.050003,715300,80.637123
"AVY",2017-06-26,88.050003,88.330002,87.660004,88.169998,319600,80.747032
"AVY",2017-06-27,88.339996,88.75,87.800003,88.07,388100,80.655434
"AVY",2017-06-28,88.519997,89.510002,88.519997,88.779999,431200,81.305649
"AVY",2017-06-29,88.849998,88.849998,87.43,88.139999,376000,80.719559
"AVY",2017-06-30,88.589996,88.879997,88.349998,88.370003,427200,80.930176
"AVY",2017-07-03,88.959999,89.279999,88.620003,88.870003,262800,81.3881
"AVY",2017-07-05,89.019997,89.290001,88.639999,88.82,545900,81.342308
"AVY",2017-07-06,88.629997,89.400002,88.459999,89.18,941500,81.671997
"AVY",2017-07-07,89.720001,91.169998,89.540001,90.779999,685100,83.137276
"AVY",2017-07-10,90.599998,91.68,90.599998,91.43,598300,83.732559
"AVY",2017-07-11,91.589996,92.330002,91.330002,91.75,648100,84.025627
"AVY",2017-07-12,92.25,93.660004,91.919998,93.220001,691000,85.371857
"AVY",2017-07-13,93.449997,93.800003,92.599998,93.080002,718600,85.24366
"AVY",2017-07-14,93.309998,94.309998,92.970001,94.019997,678700,86.1045
"AVY",2017-07-17,94.019997,94.25,93.730003,93.980003,593700,86.067871
"AVY",2017-07-18,93.75,94.169998,93.07,93.400002,629800,85.536713
"AVY",2017-07-19,93.879997,94.129997,93.550003,94.07,1269000,86.150322
"AVY",2017-07-20,94.080002,94.470001,93.709999,94.059998,662800,86.141129
"AVY",2017-07-21,94.120003,94.239998,93.660004,93.889999,659800,85.985466
"AVY",2017-07-24,93.769997,94.489998,93.769997,93.959999,927100,86.049561
"AVY",2017-07-25,95.870003,96.699997,90.410004,91.269997,1663700,83.586029
"AVY",2017-07-26,91.449997,93.360001,91,92.339996,1220200,84.565948
"AVY",2017-07-27,92.279999,92.370003,91.199997,91.82,776300,84.089722
"AVY",2017-07-28,91.830002,92.160004,91.360001,92.029999,586100,84.282051
"AVY",2017-07-31,92.489998,93,92.209999,92.93,556500,85.10627
"AVY",2017-08-01,93.169998,93.760002,92.779999,93.440002,704000,85.573349
"AVY",2017-08-02,93.339996,94.099998,92.300003,94.080002,784900,86.159462
"AVY",2017-08-03,94.080002,94.309998,93.029999,93.269997,486700,85.417656
"AVY",2017-08-04,93.519997,93.519997,92.629997,93.050003,365000,85.216171
"AVY",2017-08-07,93.279999,93.660004,92.870003,93.540001,812200,85.664925
"AVY",2017-08-08,93.209999,93.690002,92.830002,93.400002,617700,85.536713
"AVY",2017-08-09,93.339996,93.68,92.68,92.889999,508000,85.069641
"AVY",2017-08-10,92.760002,93,91.75,91.93,475800,84.190468
"AVY",2017-08-11,91.919998,93.940002,91.769997,93.019997,503000,85.188713
"AVY",2017-08-14,93.519997,93.989998,93.160004,93.68,359800,85.793152
"AVY",2017-08-15,94.029999,94.190002,93.389999,93.519997,598300,85.646614
"AVY",2017-08-16,93.790001,94.650002,93.760002,94.650002,473000,86.68148
"AVY",2017-08-17,94.440002,94.550003,93.129997,93.160004,401300,85.31691
"AVY",2017-08-18,93.07,93.25,92.559998,93.040001,416500,85.207031
"AVY",2017-08-21,93.040001,93.389999,92.339996,92.809998,449600,84.996384
"AVY",2017-08-22,92.870003,93.260002,92.029999,93.190002,626700,85.344406
"AVY",2017-08-23,92.959999,93.970001,92.839996,93.040001,739900,85.207031
"AVY",2017-08-24,93.440002,93.449997,92.410004,92.959999,365300,85.133766
"AVY",2017-08-25,93.389999,93.860001,93,93.669998,241400,85.783981
"AVY",2017-08-28,94,94,93.239998,93.300003,420100,85.445137
"AVY",2017-08-29,93.099998,93.690002,93.050003,93.449997,442100,85.582504
"AVY",2017-08-30,93.480003,94.120003,93.410004,94.029999,412800,86.11367
"AVY",2017-08-31,94.150002,94.75,93.959999,94.260002,653300,86.32431
"AVY",2017-09-01,94.279999,95.010002,94.260002,95.010002,571300,87.428558
"AVY",2017-09-05,94.860001,95.43,94.269997,94.800003,826600,87.235321
"AVY",2017-09-06,94.889999,95.139999,92.220001,93.089996,1444100,85.661781
"AVY",2017-09-07,93.040001,93.220001,91.980003,92.669998,882200,85.275276
"AVY",2017-09-08,92.809998,93.610001,92.580002,93.190002,315100,85.753777
"AVY",2017-09-11,93.669998,94.239998,93.040001,94.18,572200,86.664787
"AVY",2017-09-12,94.510002,95.519997,94.120003,95.230003,524000,87.631012
"AVY",2017-09-13,95.120003,95.599998,94.019997,95.010002,590300,87.428558
"AVY",2017-09-14,94.989998,96.110001,94.669998,95.760002,587000,88.11869
"AVY",2017-09-15,95.970001,97.110001,95.959999,96.830002,903400,89.103333
"AVY",2017-09-18,97.019997,99.260002,97.019997,98.910004,948200,91.017334
"AVY",2017-09-19,99.110001,99.190002,98.059998,98.5,575700,90.640068
"AVY",2017-09-20,98.470001,99.260002,98.349998,98.879997,760600,90.989731
"AVY",2017-09-21,98.910004,99.300003,98.540001,98.82,494200,90.93454
"AVY",2017-09-22,98.690002,98.879997,98.480003,98.760002,421500,90.879326
"AVY",2017-09-25,98.779999,98.919998,98.019997,98.889999,557800,90.998947
"AVY",2017-09-26,98.879997,98.879997,98.230003,98.610001,580900,90.741295
"AVY",2017-09-27,99.07,99.57,98.389999,99.400002,745200,91.468239
"AVY",2017-09-28,99.209999,100.099998,99.129997,99.93,688400,91.955948
"AVY",2017-09-29,99.57,99.660004,98.239998,98.339996,810100,90.492828
"AVY",2017-10-02,98.339996,99.589996,98.339996,99.419998,786500,91.486656
"AVY",2017-10-03,99.440002,99.599998,98.580002,99.260002,361400,91.339424
"AVY",2017-10-04,99.32,99.849998,99.040001,99.709999,281200,91.75351
"AVY",2017-10-05,99.900002,99.980003,99.440002,99.889999,338300,91.919136
"AVY",2017-10-06,99.809998,100.889999,99.68,100.339996,374400,92.33326
"AVY",2017-10-09,100.540001,101.489998,100.389999,100.709999,311400,92.673706
"AVY",2017-10-10,101.099998,101.239998,100.440002,100.790001,314800,92.747337
"AVY",2017-10-11,101.010002,101.419998,100.43,101.209999,370400,93.13382
"AVY",2017-10-12,100.75,101.57,100.629997,100.800003,482900,92.756531
"AVY",2017-10-13,101.290001,102.07,101.199997,101.940002,442500,93.805565
"AVY",2017-10-16,102,102.230003,101.129997,102.18,301700,94.026413
"AVY",2017-10-17,102.440002,102.550003,100.93,101.580002,551500,93.474297
"AVY",2017-10-18,101.589996,101.739998,100.43,100.510002,924200,92.48967
"AVY",2017-10-19,100.32,100.489998,98.550003,98.790001,1163600,90.906929
"AVY",2017-10-20,99.150002,99.730003,98.150002,99.709999,1024700,91.75351
"AVY",2017-10-23,100.07,100.449997,98.940002,99.010002,522200,91.10936
"AVY",2017-10-24,99.260002,99.639999,98.370003,98.910004,981700,91.017334
"AVY",2017-10-25,103.790001,104.5,100.690002,104.050003,981400,95.747192
"AVY",2017-10-26,103.5,105.709999,103.400002,104.860001,815200,96.492554
"AVY",2017-10-27,105.050003,106.239998,103.93,106.110001,692300,97.64283
"AVY",2017-10-30,106.150002,106.190002,104.760002,105.32,645700,96.915855
"AVY",2017-10-31,105.169998,106.559998,105.099998,106.169998,747600,97.698006
"AVY",2017-11-01,106.709999,107.410004,105.57,107.029999,736300,98.48941
"AVY",2017-11-02,107.190002,108.580002,106.620003,108.440002,719800,99.786888
"AVY",2017-11-03,108.400002,108.989998,108.010002,108.089996,598200,99.464806
"AVY",2017-11-06,107.870003,108.25,106.5,107.07,505900,98.526207
"AVY",2017-11-07,106.980003,107.790001,106.849998,107.040001,367100,98.498611
"AVY",2017-11-08,107.18,108.269997,107.099998,107.75,615400,99.151955
"AVY",2017-11-09,107.160004,107.510002,105.160004,105.760002,809300,97.320747
"AVY",2017-11-10,105.599998,105.779999,104.849998,105.190002,585200,96.796219
"AVY",2017-11-13,104.889999,108,104.510002,107.940002,735800,99.326782
"AVY",2017-11-14,107.519997,108.669998,107.099998,108.169998,480300,99.538452
"AVY",2017-11-15,108.169998,108.519997,107.080002,107.699997,500400,99.105934
"AVY",2017-11-16,107.889999,108.580002,107.559998,108.25,666700,99.612053
"AVY",2017-11-17,107.870003,108.639999,107.309998,108.290001,600700,99.648865
"AVY",2017-11-20,110,111.309998,109.57,110.699997,946100,101.866539
"AVY",2017-11-21,111.199997,111.830002,110,110.419998,805300,101.608887
"AVY",2017-11-22,110.559998,111.099998,109.68,111.099998,628300,102.234627
"AVY",2017-11-24,111.129997,111.75,110.900002,111.699997,282000,102.786758
"AVY",2017-11-27,111.669998,112.279999,111.309998,111.919998,558100,102.989189
"AVY",2017-11-28,112.07,112.169998,111.449997,112,510400,103.062813
"AVY",2017-11-29,111.93,112.25,111.440002,111.879997,604400,102.952385
"AVY",2017-11-30,112.309998,114.800003,111.849998,114.120003,1313500,105.013641
"AVY",2017-12-01,114,114.330002,111.260002,112.629997,748800,103.64254
"AVY",2017-12-04,113.419998,113.57,111.879997,112.019997,782000,103.081215
"AVY",2017-12-05,112.160004,113.870003,112.160004,113.209999,902600,104.596436
"AVY",2017-12-06,112.949997,113.07,111.389999,111.510002,858400,103.025772
"AVY",2017-12-07,111.559998,112.519997,111.559998,112.349998,638600,103.801865
"AVY",2017-12-08,112.360001,113.839996,111.949997,113.730003,874400,105.076874
"AVY",2017-12-11,113.849998,115.309998,113.510002,114.980003,810200,106.231773
"AVY",2017-12-12,115,115.559998,113.650002,114.459999,535800,105.75132
"AVY",2017-12-13,114.339996,114.639999,113.93,114.370003,522000,105.668182
"AVY",2017-12-14,114.309998,115.029999,114.089996,114.279999,640900,105.585014
"AVY",2017-12-15,115.669998,116.129997,115.150002,115.910004,1076600,107.091003
"AVY",2017-12-18,116.199997,116.849998,115.57,116.120003,694200,107.285027
"AVY",2017-12-19,116.5,117.629997,116.32,117.099998,863400,108.190468
"AVY",2017-12-20,117.019997,117.919998,116.529999,116.68,767400,107.802414
"AVY",2017-12-21,117,117,113.849998,114.019997,531300,105.344795
"AVY",2017-12-22,114.169998,114.480003,113.330002,114.169998,568700,105.483391
"AVY",2017-12-26,114.129997,114.839996,113.889999,114.82,271800,106.083946
"AVY",2017-12-27,114.870003,115.489998,114.610001,115.139999,374500,106.379593
"AVY",2017-12-28,115.68,115.68,114.949997,115.57,276300,106.776886
"AVY",2017-12-29,115.580002,115.82,114.860001,114.860001,351200,106.120888
"AVY",2018-01-02,115.150002,115.68,114.75,115.68,401800,106.87851
"AVY",2018-01-03,115.830002,116.169998,115.379997,116.010002,640600,107.183388
"AVY",2018-01-04,116.419998,117.120003,116.220001,116.779999,534000,107.894791
"AVY",2018-01-05,117.080002,118.519997,116.82,118.160004,437100,109.169823
"AVY",2018-01-08,118.139999,119.220001,118.040001,118.599998,664300,109.576332
"AVY",2018-01-09,118.720001,119.290001,118.489998,118.910004,481600,109.862762
"AVY",2018-01-10,118.790001,119.050003,117.75,118.589996,347600,109.567093
"AVY",2018-01-11,118.889999,119.639999,118.510002,119.57,324300,110.472549
"AVY",2018-01-12,119.919998,120.32,119.07,119.349998,498600,110.269279
"AVY",2018-01-16,119.529999,120,116.919998,117.379997,620600,108.449165
"AVY",2018-01-17,118.050003,119.68,117.650002,118.879997,483000,109.83503
"AVY",2018-01-18,119.949997,121.260002,119.059998,120.629997,583100,111.451881
"AVY",2018-01-19,121.43,123.199997,120.800003,121.339996,685700,112.107872
"AVY",2018-01-22,121.339996,121.739998,120.260002,120.730003,532600,111.544289
"AVY",2018-01-23,120.410004,120.410004,119.599998,119.739998,543300,110.629593
"AVY",2018-01-24,120.139999,120.300003,119.470001,120.059998,501900,110.925255
"AVY",2018-01-25,120.440002,121.559998,120.230003,120.959999,520800,111.756775
"AVY",2018-01-26,121.400002,121.669998,120.540001,121.019997,426600,111.812225
"AVY",2018-01-29,120.75,121.169998,118.550003,118.669998,661600,109.641006
"AVY",2018-01-30,118.309998,118.809998,117.32,117.330002,1039000,108.402969
"AVY",2018-01-31,121.279999,123.669998,120,122.68,1671400,113.345917
"AVY",2018-02-01,119.599998,121.440002,118.050003,120.360001,1290800,111.202431
"AVY",2018-02-02,119.910004,120.529999,117.519997,117.629997,923300,108.68013
"AVY",2018-02-05,116.790001,118.290001,113.760002,113.809998,1137300,105.150772
"AVY",2018-02-06,111.650002,114.639999,111.480003,114.239998,1320500,105.548073
"AVY",2018-02-07,114.220001,116.839996,114.220001,114.779999,852600,106.046967
"AVY",2018-02-08,114.629997,114.879997,110.75,110.769997,789000,102.342072
"AVY",2018-02-09,111.779999,112.260002,108.830002,111.459999,982200,102.979576
"AVY",2018-02-12,112.690002,116.379997,112.660004,115.650002,988400,106.850792
"AVY",2018-02-13,115.239998,117.199997,114.849998,116.879997,618200,107.987198
"AVY",2018-02-14,116.309998,118.290001,115.889999,118.120003,633300,109.132851
"AVY",2018-02-15,118.669998,119.559998,117.610001,119.529999,596500,110.435585
"AVY",2018-02-16,119.309998,119.720001,118.660004,118.800003,642500,109.761116
"AVY",2018-02-20,118.110001,118.660004,116.779999,117.080002,548700,108.172005
"AVY",2018-02-21,117.080002,119.169998,116.830002,116.919998,455500,108.02417
"AVY",2018-02-22,117.599998,118.690002,116.989998,118.239998,494100,109.243729
"AVY",2018-02-23,118.379997,119.209999,117.68,119.129997,456700,110.066025
"AVY",2018-02-26,119.620003,120.410004,118.290001,120.110001,412000,110.971458
"AVY",2018-02-27,120.330002,120.389999,118.900002,118.910004,406400,109.862762
"AVY",2018-02-28,119.110001,119.559998,118.07,118.150002,587100,109.160576
"AVY",2018-03-01,118.209999,118.480003,114.779999,115.940002,648400,107.118721
"AVY",2018-03-02,115.25,115.879997,114.019997,115.160004,665700,106.398079
"AVY",2018-03-05,114.370003,115.199997,113.470001,114.790001,770800,106.056221
"AVY",2018-03-06,114.730003,115.029999,112.489998,114.519997,1305900,106.223175
"AVY",2018-03-07,113.860001,116.209999,112.93,115.790001,700400,107.401169
"AVY",2018-03-08,115.910004,116.940002,114.769997,115.5,518700,107.132172
"AVY",2018-03-09,116,117.620003,114.889999,117.330002,614700,108.829605
"AVY",2018-03-12,117.279999,117.559998,116.360001,116.519997,507300,108.078285
"AVY",2018-03-13,116.769997,117.480003,115.699997,115.910004,553800,107.512474
"AVY",2018-03-14,116.339996,116.489998,114.330002,114.830002,558300,106.510727
"AVY",2018-03-15,115.059998,115.059998,113.519997,114.150002,585700,105.880005
"AVY",2018-03-16,112.889999,112.889999,110.550003,111.629997,1581500,103.542572
"AVY",2018-03-19,111.32,111.900002,110.410004,110.82,1043400,102.791252
"AVY",2018-03-20,109.919998,111.279999,109.720001,110.760002,1169200,102.735603
"AVY",2018-03-21,109.739998,111.459999,109.739998,110.139999,782700,102.160515
"AVY",2018-03-22,108.919998,109.470001,105.790001,105.919998,1096700,98.246239
"AVY",2018-03-23,105.870003,105.980003,103.010002,103.059998,987500,95.593445
"AVY",2018-03-26,104.059998,106.480003,104.059998,105.760002,812400,98.097832
"AVY",2018-03-27,106.330002,106.550003,103.910004,104.449997,900500,96.882744
"AVY",2018-03-28,104.580002,105.529999,102.550003,104.050003,867600,96.511711
"AVY",2018-03-29,104.620003,107.029999,104.620003,106.25,583200,98.552338
"AVY",2018-04-02,106.110001,106.459999,102.790001,103.870003,592800,96.344757
"AVY",2018-04-03,104.099998,105.230003,103.629997,104.559998,868400,96.984772
"AVY",2018-04-04,103.160004,106.419998,102.660004,106.209999,1092800,98.515236
"AVY",2018-04-05,106.699997,106.919998,105.360001,106.07,928200,98.385361
"AVY",2018-04-06,105.419998,105.989998,102.440002,103.199997,963500,95.723305
"AVY",2018-04-09,103.970001,105.18,103.510002,103.900002,552500,96.372604
"AVY",2018-04-10,105.379997,107.190002,105.150002,106.349998,609000,98.645088
"AVY",2018-04-11,105.440002,106.230003,104.919998,105.290001,457800,97.661896
"AVY",2018-04-12,105.599998,106.07,105.169998,105.489998,531800,97.847389
"AVY",2018-04-13,105.970001,106.050003,104.269997,104.800003,490800,97.207397
"AVY",2018-04-16,105.529999,106.419998,105.120003,105.980003,571900,98.301903
"AVY",2018-04-17,106.970001,107.800003,106.370003,107.68,890600,99.878731
"AVY",2018-04-18,108,108.93,107.480003,108.199997,1053600,100.361069
"AVY",2018-04-19,108.279999,108.709999,107.260002,107.690002,719900,99.888023
"AVY",2018-04-20,108.029999,108.110001,106.309998,107.120003,634100,99.359306
"AVY",2018-04-23,107.25,107.809998,106.75,107.010002,505000,99.257286
"AVY",2018-04-24,107.220001,107.220001,103.769997,105.400002,759100,97.763916
"AVY",2018-04-25,104.199997,108.559998,101.669998,106.669998,1317300,98.941902
"AVY",2018-04-26,108.82,108.82,106.050003,106.209999,656700,98.515236
"AVY",2018-04-27,106.260002,106.739998,104.660004,104.849998,1063500,97.253746
"AVY",2018-04-30,105.089996,106.849998,104.779999,104.809998,644400,97.21666
"AVY",2018-05-01,104.599998,105.599998,103.989998,105.470001,981100,97.828842
"AVY",2018-05-02,105.360001,105.650002,103.940002,104.150002,735100,96.604477
"AVY",2018-05-03,103.510002,104.940002,102.400002,104.220001,612700,96.669411
"AVY",2018-05-04,103.910004,107.059998,103.910004,105.730003,774400,98.070015
"AVY",2018-05-07,105.940002,106.779999,105.239998,105.650002,444300,97.995819
"AVY",2018-05-08,105.769997,106.25,105.080002,105.5,720200,97.856667
"AVY",2018-05-09,105.870003,106.489998,104.669998,106.209999,661600,98.515236
"AVY",2018-05-10,106.5,107.900002,106.379997,107.720001,665000,99.915855
"AVY",2018-05-11,107.93,109,107.419998,107.669998,757800,99.869453
"AVY",2018-05-14,107.919998,108.68,107.309998,108.190002,771600,100.351784
"AVY",2018-05-15,108,108.300003,105.849998,106.339996,671400,98.635818
"AVY",2018-05-16,106.519997,108.419998,106.339996,107.889999,595200,100.073509
"AVY",2018-05-17,107.739998,108.519997,107.339996,108.190002,581400,100.351784
"AVY",2018-05-18,108.339996,109.660004,108.300003,109.099998,895300,101.195862
"AVY",2018-05-21,109.510002,110.75,109.5,110.660004,622300,102.642838
"AVY",2018-05-22,110.629997,111.519997,110.18,110.209999,713200,102.225426
"AVY",2018-05-23,109.589996,109.989998,107.040001,108.349998,720600,100.500175
"AVY",2018-05-24,108.459999,109.25,108.400002,108.980003,501400,101.084549
"AVY",2018-05-25,108.580002,109.120003,108.059998,108.480003,398800,100.620789
"AVY",2018-05-29,107.540001,107.730003,105.459999,106.18,468800,98.487404
"AVY",2018-05-30,106.720001,107.260002,106.139999,106.889999,536600,99.145973
"AVY",2018-05-31,107,107.029999,104.879997,105.029999,1055800,97.420708
"AVY",2018-06-01,105.889999,106.459999,105.389999,106.339996,402700,98.635818
"AVY",2018-06-04,106.550003,107.260002,105.870003,106.379997,526000,98.672913
"AVY",2018-06-05,106.129997,107.610001,105.75,107.160004,466800,99.884651
"AVY",2018-06-06,107.029999,107.029999,105.040001,106.510002,665700,99.278786
"AVY",2018-06-07,106.669998,107.029999,105.839996,106.300003,817200,99.083038
"AVY",2018-06-08,106.199997,108.18,105.989998,108.029999,583900,100.695587
"AVY",2018-06-11,108.269997,108.650002,107.709999,107.709999,423800,100.397301
"AVY",2018-06-12,107.970001,108.010002,106.650002,107.410004,395200,100.117683
"AVY",2018-06-13,107.5,107.970001,106.519997,106.559998,464000,99.325378
"AVY",2018-06-14,107.050003,107.080002,105.870003,106.269997,626800,99.055084
"AVY",2018-06-15,105.900002,106.089996,104.940002,105.940002,933100,98.747475
"AVY",2018-06-18,105.610001,105.839996,105,105.129997,541000,97.992477
"AVY",2018-06-19,104.370003,104.370003,101.870003,102.07,952700,95.140205
"AVY",2018-06-20,102.199997,102.199997,101,101.550003,699100,94.655533
"AVY",2018-06-21,101.480003,101.540001,100.010002,100.220001,679900,93.415825
"AVY",2018-06-22,100.669998,100.989998,99.940002,100.25,622100,93.443787
"AVY",2018-06-25,100.019997,102.120003,100.019997,101.919998,897800,95.00042
"AVY",2018-06-26,101.849998,103.160004,101.510002,101.599998,757700,94.702133
"AVY",2018-06-27,101.629997,102.580002,100.309998,100.32,883300,93.509026
"AVY",2018-06-28,100.360001,101.080002,99.660004,100.639999,543600,93.807312
"AVY",2018-06-29,100.919998,103.07,100.919998,102.099998,597400,95.168182
"AVY",2018-07-02,101.519997,101.660004,99.760002,100.550003,609600,93.723412
"AVY",2018-07-03,101.019997,101.550003,100.040001,100.209999,372700,93.406502
"AVY",2018-07-05,100.669998,100.889999,100.010002,100.5,739100,93.676842
"AVY",2018-07-06,100.639999,101.43,99.989998,101.07,456100,94.208115
"AVY",2018-07-09,101.5,102.760002,101.5,102.32,363400,95.373245
"AVY",2018-07-10,102.169998,102.790001,101.919998,102.709999,388800,95.736771
"AVY",2018-07-11,102.040001,102.32,101.309998,101.730003,397300,94.823311
"AVY",2018-07-12,102.32,102.82,101.870003,102.239998,316800,95.298676
"AVY",2018-07-13,102.480003,103.709999,102.279999,103.660004,694500,96.622284
"AVY",2018-07-16,103.650002,103.800003,102.879997,103,626700,96.007095
"AVY",2018-07-17,102.550003,104.720001,102.510002,104.480003,676100,97.386604
"AVY",2018-07-18,104.459999,105.290001,104.459999,104.540001,562700,97.442528
"AVY",2018-07-19,104.400002,104.769997,103.660004,103.980003,671700,96.920555
"AVY",2018-07-20,103.279999,104.239998,102.639999,103.949997,865400,96.892586
"AVY",2018-07-23,103.900002,103.900002,102.720001,102.959999,772900,95.969803
"AVY",2018-07-24,109.410004,114.809998,106.089996,114.370003,1812400,106.605141
"AVY",2018-07-25,115.449997,116.349998,111.629997,112.32,1150100,104.694328
"AVY",2018-07-26,112.300003,113.449997,111.339996,113.129997,852500,105.449341
"AVY",2018-07-27,113.330002,114.239998,111.669998,112.459999,688200,104.824821
"AVY",2018-07-30,112.68,113.639999,112.050003,112.589996,565800,104.945992
"AVY",2018-07-31,113.199997,115.550003,112.900002,114.68,820300,106.894096
"AVY",2018-08-01,114.440002,114.629997,112.389999,113.410004,966000,105.710342
"AVY",2018-08-02,112.529999,112.800003,111.129997,112.370003,546300,104.740929
"AVY",2018-08-03,112.699997,113.760002,112.199997,113.150002,395700,105.467979
"AVY",2018-08-06,112.760002,114.260002,112.269997,113.589996,440200,105.878105
"AVY",2018-08-07,113.480003,113.889999,112.160004,112.290001,471900,104.666367
"AVY",2018-08-08,112.650002,112.650002,111.330002,111.370003,476500,103.808815
"AVY",2018-08-09,111.760002,112.010002,111.279999,111.440002,352700,103.874077
"AVY",2018-08-10,111.019997,111.559998,109.629997,110.160004,538700,102.680977
"AVY",2018-08-13,110.480003,110.589996,108.389999,108.5,590500,101.133675
"AVY",2018-08-14,108.529999,109.160004,107.580002,107.82,509500,100.499847
"AVY",2018-08-15,107.290001,107.559998,105.360001,107,622200,99.735512
"AVY",2018-08-16,107.790001,108.360001,107.129997,107.309998,320600,100.024452
"AVY",2018-08-17,106.860001,107.760002,106.120003,106.949997,581400,99.688904
"AVY",2018-08-20,107.07,108.220001,107,107.970001,348600,100.639664
"AVY",2018-08-21,107.879997,108.199997,107.010002,107.230003,419300,99.949905
"AVY",2018-08-22,107.389999,107.449997,106.220001,106.389999,451100,99.166931
"AVY",2018-08-23,106.129997,106.290001,104.589996,105.370003,655000,98.216179
"AVY",2018-08-24,105.540001,106.150002,104.739998,105.790001,385000,98.607681
"AVY",2018-08-27,105.949997,107.360001,105.949997,106.559998,484700,99.325378
"AVY",2018-08-28,106.839996,107.739998,106.18,106.419998,289100,99.194901
"AVY",2018-08-29,106.029999,106.959999,105.68,106.5,291800,99.269463
"AVY",2018-08-30,106.389999,106.440002,104.870003,105.209999,430700,98.067039
"AVY",2018-08-31,104.959999,105.809998,104.940002,105.18,505500,98.03907
"AVY",2018-09-04,104.559998,104.769997,102.900002,103.980003,626500,97.402115
"AVY",2018-09-05,104.209999,105.660004,103.970001,105.279999,471700,98.619865
"AVY",2018-09-06,105.190002,106.309998,104.639999,105.129997,576200,98.47934
"AVY",2018-09-07,104.650002,105.540001,104.389999,105.379997,423600,98.713531
"AVY",2018-09-10,105.910004,106.540001,105.589996,105.870003,444400,99.172539
"AVY",2018-09-11,105.43,106.190002,104.07,105.599998,405700,98.919617
"AVY",2018-09-12,105.699997,106.07,104.839996,105.800003,430300,99.106964
"AVY",2018-09-13,107.82,108.760002,106.900002,108.489998,543000,101.626793
"AVY",2018-09-14,108.480003,109.400002,108.07,109.059998,493400,102.160736
"AVY",2018-09-17,109.110001,109.589996,108.720001,109.349998,437200,102.432396
"AVY",2018-09-18,109.309998,111.959999,109.080002,111.82,724300,104.746132
"AVY",2018-09-19,111.849998,112.610001,111.550003,111.620003,654000,104.558792
"AVY",2018-09-20,112.129997,113.050003,111.720001,112.580002,460200,105.458046
"AVY",2018-09-21,112.870003,113.32,112.199997,112.760002,855100,105.626663
"AVY",2018-09-24,112.760002,112.779999,111.129997,111.339996,404200,104.296494
"AVY",2018-09-25,111.230003,111.470001,109.830002,110.07,754200,103.106834
"AVY",2018-09-26,110.110001,110.110001,108.650002,108.849998,841500,101.96402
"AVY",2018-09-27,108.93,109.260002,107.699997,107.82,555100,100.999168
"AVY",2018-09-28,107.559998,108.919998,107.559998,108.349998,475900,101.495636
"AVY",2018-10-01,108.900002,109.599998,108.18,109.129997,346900,102.226295
"AVY",2018-10-02,109.279999,110.050003,108.459999,109.139999,480500,102.23568
"AVY",2018-10-03,109.330002,109.330002,107.480003,107.559998,737700,100.75563
"AVY",2018-10-04,107.230003,107.779999,106.639999,107.040001,469300,100.268517
"AVY",2018-10-05,107.220001,107.730003,106.5,106.660004,398400,99.912552
"AVY",2018-10-08,106.610001,107.129997,106.260002,106.910004,434300,100.146744
"AVY",2018-10-09,106.629997,106.629997,104.510002,104.720001,581300,98.095284
"AVY",2018-10-10,104.650002,104.650002,100.419998,100.480003,744100,94.123512
"AVY",2018-10-11,100.559998,100.760002,97.089996,97.190002,1188400,91.041649
"AVY",2018-10-12,98.5,98.940002,97.190002,98.019997,697300,91.819122
"AVY",2018-10-15,98.07,99.410004,97.910004,98.389999,450600,92.165726
"AVY",2018-10-16,98.800003,100.400002,98.139999,100.330002,499100,93.983002
"AVY",2018-10-17,100.199997,100.529999,99.129997,99.550003,461400,93.252342
"AVY",2018-10-18,98.860001,99.32,96.529999,97.860001,647800,91.669243
"AVY",2018-10-19,98.07,98.800003,97.199997,97.580002,504900,91.406982
"AVY",2018-10-22,97.870003,98.239998,96.349998,96.970001,762600,90.835556
"AVY",2018-10-23,96.690002,97.449997,92.260002,92.400002,1818000,86.55468
"AVY",2018-10-24,93.129997,93.889999,88.699997,88.93,1979500,83.304184
"AVY",2018-10-25,89.550003,89.989998,88.260002,89,1013000,83.369751
"AVY",2018-10-26,87.559998,88.739998,86.059998,88.120003,1100400,82.545425
"AVY",2018-10-29,88.940002,90.400002,88.489998,89.389999,1095400,83.735069
"AVY",2018-10-30,89.690002,90.970001,88.669998,90.589996,984700,84.859169
"AVY",2018-10-31,91.330002,92.370003,90.620003,90.720001,899700,84.980927
"AVY",2018-11-01,91.32,93.330002,90.980003,93.080002,638400,87.19165
"AVY",2018-11-02,92.989998,94.029999,91.639999,92.419998,695100,86.573402
"AVY",2018-11-05,92.559998,93.080002,91.410004,91.940002,783000,86.123749
"AVY",2018-11-06,91.889999,93.419998,91.510002,91.970001,1272000,86.151878
"AVY",2018-11-07,93.139999,93.57,92.410004,93.330002,1304300,87.425827
"AVY",2018-11-08,93.010002,94.330002,92.669998,93.620003,1471000,87.697479
"AVY",2018-11-09,93.190002,93.919998,91.610001,92,1180100,86.179962
"AVY",2018-11-12,92.059998,92.25,91.169998,91.449997,983700,85.664757
"AVY",2018-11-13,91.720001,92.940002,91.339996,91.940002,1220600,86.123749
"AVY",2018-11-14,92.540001,93.629997,91.400002,91.620003,798600,85.823997
"AVY",2018-11-15,90.769997,92.669998,90.220001,92.019997,938700,86.1987
"AVY",2018-11-16,91.800003,94.25,91.800003,93.910004,741300,87.969139
"AVY",2018-11-19,93.529999,93.739998,91.480003,92.440002,668900,86.59214
"AVY",2018-11-20,91.470001,93.059998,91.120003,92.300003,805900,86.460976
"AVY",2018-11-21,92.639999,93.309998,92,92.419998,819300,86.573402
"AVY",2018-11-23,91.610001,93.089996,91.610001,92.589996,262000,86.732628
"AVY",2018-11-26,93.209999,94.129997,92.639999,93.489998,646300,87.575706
"AVY",2018-11-27,92.980003,93.550003,92.160004,92.940002,871600,87.060509
"AVY",2018-11-28,93.209999,96.110001,93.160004,96.040001,972200,89.964394
"AVY",2018-11-29,95.699997,96.5,95.32,95.330002,1033000,89.299301
"AVY",2018-11-30,95.449997,96.57,94.519997,96.400002,1146400,90.301628
"AVY",2018-12-03,97.970001,98.5,95.360001,96.190002,808200,90.104904
"AVY",2018-12-04,95.529999,95.870003,92.879997,93.669998,809100,88.221245
"AVY",2018-12-06,92.379997,93.910004,91.620003,93.849998,1161600,88.390785
"AVY",2018-12-07,93.849998,94.870003,91.459999,91.970001,1052800,86.62014
"AVY",2018-12-10,91.790001,92.410004,90.389999,91.169998,1301600,85.866669
"AVY",2018-12-11,92.410004,92.599998,90.169998,91.099998,899200,85.800735
"AVY",2018-12-12,92.300003,92.589996,90.970001,91.540001,813900,86.215134
"AVY",2018-12-13,91.480003,92,90.480003,90.769997,1357300,85.489929
"AVY",2018-12-14,90.360001,91.940002,90.309998,91.199997,1153300,85.89492
"AVY",2018-12-17,90.699997,90.82,88.779999,89.169998,1056900,83.983009
"AVY",2018-12-18,89.800003,90.389999,88.809998,89.599998,850000,84.388
"AVY",2018-12-19,89.589996,91.349998,87.769997,88.190002,1052400,83.060005
"AVY",2018-12-20,87.870003,88.849998,85.760002,86.690002,747200,81.647255
"AVY",2018-12-21,86.279999,88.470001,85.830002,85.949997,1549400,80.95031
"AVY",2018-12-24,85.589996,85.879997,83.75,83.790001,312200,78.915962
"AVY",2018-12-26,83.959999,87.18,82.889999,87.129997,505600,82.061661
"AVY",2018-12-27,85.739998,89.32,85.690002,89.32,462400,84.124275
"AVY",2018-12-28,89.739998,90.059998,88.489998,88.830002,429800,83.662781
"AVY",2018-12-31,89.099998,90,88.739998,89.830002,350800,84.604591
"AVY",2019-01-02,88.639999,90.150002,87.889999,89.989998,558800,84.75531
"AVY",2019-01-03,89.629997,89.709999,86.900002,87.07,827700,82.00515
"AVY",2019-01-04,88.269997,90.919998,87.75,90.449997,824100,85.188553
"AVY",2019-01-07,90.400002,91.879997,89.599998,90.879997,408800,85.593529
"AVY",2019-01-08,91.400002,92.389999,91.089996,91.809998,446200,86.469437
"AVY",2019-01-09,91.480003,92.25,90.940002,91.730003,621000,86.394096
"AVY",2019-01-10,91.510002,93.68,91.510002,93.620003,625200,88.174149
"AVY",2019-01-11,93.110001,94.699997,92.550003,94.610001,426500,89.10656
"AVY",2019-01-14,93.949997,94.660004,93.400002,93.970001,685000,88.503784
"AVY",2019-01-15,94,94.040001,93.300003,93.739998,595300,88.28717
"AVY",2019-01-16,93.540001,94.32,93.230003,93.330002,792900,87.901016
"AVY",2019-01-17,93.059998,94.940002,92.769997,94.82,917800,89.304352
"AVY",2019-01-18,95.150002,97.019997,94.93,96.57,555800,90.952545
"AVY",2019-01-22,96.5,96.959999,95.510002,96.510002,498800,90.896042
"AVY",2019-01-23,97.209999,97.290001,94.989998,95.480003,559200,89.925972
"AVY",2019-01-24,95.669998,96.620003,95.160004,95.980003,478500,90.396873
"AVY",2019-01-25,96.800003,97.400002,96.620003,97.199997,432300,91.545906
"AVY",2019-01-28,96.779999,97.860001,96.400002,97.839996,589800,92.148666
"AVY",2019-01-29,98.099998,99.57,98.099998,98.75,962800,93.00573
"AVY",2019-01-30,100.550003,103.57,99.269997,102.199997,1171100,96.255051
"AVY",2019-01-31,102.230003,104.580002,101.239998,104.449997,1854000,98.374161
"AVY",2019-02-01,104.190002,105.830002,104.07,104.470001,937800,98.393005
"AVY",2019-02-04,103.93,104.519997,102.410004,103.669998,615800,97.639542
"AVY",2019-02-05,103.949997,104.809998,103.769997,104.769997,940100,98.675552
"AVY",2019-02-06,104.330002,104.980003,103.980003,104.099998,465500,98.044525
"AVY",2019-02-07,103.300003,103.669998,101.980003,103.029999,602500,97.036774
"AVY",2019-02-08,102.699997,103.410004,101.800003,102.82,4e+05,96.838974
"AVY",2019-02-11,102.970001,103.120003,101.610001,102,530400,96.066673
"AVY",2019-02-12,102.360001,104.220001,102.190002,104.080002,482100,98.025696
"AVY",2019-02-13,104.5,105.129997,104.260002,104.410004,480600,98.336502
"AVY",2019-02-14,104.010002,104.709999,103.790001,103.949997,391900,97.903259
"AVY",2019-02-15,104.830002,105.080002,104.360001,104.900002,476900,98.798012
"AVY",2019-02-19,104.489998,105.690002,104.400002,104.980003,709800,98.873344
"AVY",2019-02-20,105.129997,106.720001,104.760002,106.43,619600,100.238991
"AVY",2019-02-21,106.150002,106.199997,105.120003,105.610001,927900,99.46669
"AVY",2019-02-22,106.099998,107.120003,105.93,106.940002,432700,100.719315
"AVY",2019-02-25,107.489998,108.639999,107.239998,107.940002,608500,101.661156
"AVY",2019-02-26,108.040001,108.410004,106.809998,106.849998,595100,100.634552
"AVY",2019-02-27,106.57,107.830002,106.279999,107.779999,425000,101.510452
"AVY",2019-02-28,107.580002,108.519997,107.330002,108.040001,1101300,101.755341
"AVY",2019-03-01,108.879997,109.760002,108.150002,109.709999,1208000,103.328201
"AVY",2019-03-04,109.980003,110.470001,108.07,109.389999,932500,103.026802
"AVY",2019-03-05,108.949997,109.419998,108.580002,108.839996,814600,102.998413
"AVY",2019-03-06,108.989998,108.989998,107.82,107.980003,700100,102.184586
"AVY",2019-03-07,107.220001,108,106.480003,107.790001,624900,102.004791
"AVY",2019-03-08,107.209999,108.610001,106.75,108.400002,719800,102.582031
"AVY",2019-03-11,108.690002,109.389999,108.230003,109.150002,779600,103.291779
"AVY",2019-03-12,109.540001,110.800003,109.239998,110.559998,779300,104.626114
"AVY",2019-03-13,110.970001,111.169998,109.900002,109.970001,658100,104.067772
"AVY",2019-03-14,109.690002,110.269997,108.949997,110.120003,716900,104.20974
"AVY",2019-03-15,109.75,110.839996,109.510002,110.209999,1250000,104.294891
"AVY",2019-03-18,110.209999,111.650002,109.940002,111.599998,686000,105.610298
"AVY",2019-03-19,112,112.550003,111.639999,112.269997,712100,106.244331
"AVY",2019-03-20,111.580002,112.029999,109.5,109.980003,845800,104.07724
"AVY",2019-03-21,109.879997,111.639999,109.419998,111.239998,409800,105.269623
"AVY",2019-03-22,110.82,110.889999,108.970001,108.989998,515300,103.14035
"AVY",2019-03-25,108.839996,109.599998,108.400002,109.379997,329600,103.50943
"AVY",2019-03-26,109.989998,111.010002,109.709999,110.860001,476900,104.910004
"AVY",2019-03-27,110.93,111.57,110.400002,111.099998,364000,105.137115
"AVY",2019-03-28,111.470001,113.089996,111.25,113.019997,473200,106.954086
"AVY",2019-03-29,113.489998,113.779999,112.629997,113,550000,106.935158
"AVY",2019-04-01,113.730003,114.309998,112.980003,113.690002,511300,107.58812
"AVY",2019-04-02,113.730003,114.199997,112.610001,113.089996,477100,107.020317
"AVY",2019-04-03,113.860001,114.040001,112.949997,113.269997,413500,107.190674
"AVY",2019-04-04,113.230003,113.790001,112.760002,113.589996,477800,107.493477
"AVY",2019-04-05,113.650002,114.370003,113.279999,114.040001,331900,107.919327
"AVY",2019-04-08,113.239998,114.199997,112.339996,113.910004,431800,107.79631
"AVY",2019-04-09,113.339996,113.43,112.510002,112.620003,471200,106.575554
"AVY",2019-04-10,112.739998,114.029999,112.269997,113.760002,415600,107.654373
"AVY",2019-04-11,114.080002,114.510002,113.660004,114.349998,272500,108.212677
"AVY",2019-04-12,114.889999,116.440002,114.550003,116.309998,561500,110.067497
"AVY",2019-04-15,116.349998,117,115.910004,116.029999,483900,109.802528
"AVY",2019-04-16,115.830002,116.379997,114.220001,116.370003,396200,110.124283
"AVY",2019-04-17,116.830002,116.839996,113.349998,113.639999,520000,107.540802
"AVY",2019-04-18,112.510002,113.870003,112,113.370003,643600,107.285301
"AVY",2019-04-22,113.25,114,112.830002,113.889999,363100,107.777382
"AVY",2019-04-23,114.139999,116.080002,113.650002,116,542500,109.774124
"AVY",2019-04-24,112.779999,113.139999,110.349998,110.800003,1261500,104.853226
"AVY",2019-04-25,109.919998,110.059998,107.68,108.459999,899200,102.638817
"AVY",2019-04-26,108.879997,110.389999,108.459999,109.18,537900,103.320168
"AVY",2019-04-29,109.18,109.949997,108.68,109.610001,463100,103.727097
"AVY",2019-04-30,109.809998,110.93,109.139999,110.650002,611000,104.711281
"AVY",2019-05-01,110.620003,110.760002,108.5,108.519997,432700,102.695602
"AVY",2019-05-02,108.620003,109.720001,108.019997,109.610001,413000,103.727097
"AVY",2019-05-03,110.18,111.57,110.18,111.419998,292300,105.439949
"AVY",2019-05-06,110,110.489998,109.059998,109.419998,454000,103.547287
"AVY",2019-05-07,108.300003,108.400002,105.860001,106.830002,900800,101.096291
"AVY",2019-05-08,106.830002,107.099998,106.099998,106.220001,656300,100.519043
"AVY",2019-05-09,105.339996,106.089996,104.449997,105.540001,645000,99.875542
"AVY",2019-05-10,105.239998,106.639999,103.970001,106.25,714500,100.547432
"AVY",2019-05-13,104.470001,105.18,103.349998,103.760002,608900,98.191086
"AVY",2019-05-14,103.629997,104.639999,103.370003,103.400002,729200,97.850395
"AVY",2019-05-15,102.989998,103.910004,102.709999,103.029999,337300,97.500252
"AVY",2019-05-16,103.099998,103.68,102.57,102.790001,703800,97.273148
"AVY",2019-05-17,102.019997,102.75,101.25,101.660004,585500,96.203796
"AVY",2019-05-20,100.779999,100.910004,99.650002,99.919998,423500,94.557159
"AVY",2019-05-21,100.720001,102.059998,100.720001,101.489998,728100,96.0429
"AVY",2019-05-22,101.580002,102.169998,100.57,100.599998,471800,95.200676
"AVY",2019-05-23,99.629997,99.949997,99,99.690002,341800,94.339523
"AVY",2019-05-24,100.160004,101.669998,100.160004,101.260002,788800,95.825256
"AVY",2019-05-28,101.260002,102.629997,101.260002,101.800003,1017700,96.336273
"AVY",2019-05-29,101.290001,103.199997,101.059998,102.540001,1028100,97.03656
"AVY",2019-05-30,102.650002,104.5,102.650002,103.639999,1278800,98.077507
"AVY",2019-05-31,102.720001,104.089996,102.57,104.059998,821100,98.47496
"AVY",2019-06-03,104,105.900002,103.800003,105.779999,804900,100.102661
"AVY",2019-06-04,105.82,107.699997,105.330002,107.690002,754600,102.472023
"AVY",2019-06-05,108.5,109.160004,106.690002,109.129997,641300,103.842232
"AVY",2019-06-06,109.040001,110.769997,108.839996,110.349998,872400,105.00312
"AVY",2019-06-07,110.970001,112.550003,110.379997,112.150002,494200,106.715897
"AVY",2019-06-10,112.730003,113.220001,112.220001,112.529999,341900,107.077492
"AVY",2019-06-11,113.440002,113.970001,112.07,112.269997,590400,106.830101
"AVY",2019-06-12,112.120003,112.370003,111.139999,111.830002,428400,106.411415
"AVY",2019-06-13,111.919998,112.190002,110.470001,111.050003,412300,105.669197
"AVY",2019-06-14,111.120003,111.650002,109.790001,110.389999,459500,105.041183
"AVY",2019-06-17,110.480003,110.75,109.440002,110.120003,491200,104.784279
"AVY",2019-06-18,110.800003,111.300003,110.18,110.540001,431900,105.183922
"AVY",2019-06-19,110.559998,112.150002,109.709999,111.43,478600,106.030792
"AVY",2019-06-20,112.629997,113.32,111.589996,112.839996,459700,107.372475
"AVY",2019-06-21,113.25,113.25,111.889999,112.07,853800,106.639778
"AVY",2019-06-24,111.989998,112.489998,111.120003,111.709999,456600,106.297226
"AVY",2019-06-25,111.970001,112.410004,111.290001,111.93,489700,106.506561
"AVY",2019-06-26,111.879997,112.57,110.279999,110.349998,495400,105.00312
"AVY",2019-06-27,110.919998,113.139999,110.910004,113.029999,406600,107.553268
"AVY",2019-06-28,113.300003,115.830002,112.849998,115.68,1492900,110.074852
"AVY",2019-07-01,116.830002,118.580002,115.699997,118.559998,779000,112.815323
"AVY",2019-07-02,118.559998,120.25,118.559998,119.440002,636600,113.652679
"AVY",2019-07-03,119.589996,120.269997,118.620003,120.150002,303700,114.328262
"AVY",2019-07-05,119.470001,120.650002,117.93,120.480003,576300,114.642288
"AVY",2019-07-08,120.040001,120.129997,117.629997,117.699997,543700,111.996971
"AVY",2019-07-09,117.300003,117.330002,115.269997,115.650002,711200,110.046318
"AVY",2019-07-10,116,116.440002,114.300003,114.599998,449500,109.04718
"AVY",2019-07-11,114.800003,115.440002,113.629997,115.300003,451100,109.713272
"AVY",2019-07-12,113.949997,114,111.25,113.480003,1136000,107.981468
"AVY",2019-07-15,113.889999,113.889999,112.809998,113.459999,597100,107.962425
"AVY",2019-07-16,113.889999,116.389999,113.339996,115.910004,447900,110.293701
"AVY",2019-07-17,115.519997,115.800003,113.25,113.260002,364700,107.772125
"AVY",2019-07-18,113.059998,114.110001,112.230003,113.849998,361000,108.333534
"AVY",2019-07-19,114.269997,114.720001,113.269997,113.860001,328500,108.34304
"AVY",2019-07-22,113.660004,113.699997,112.239998,112.290001,655600,106.849121
"AVY",2019-07-23,112.309998,119.949997,112.209999,117.089996,957200,111.416534
"AVY",2019-07-24,117.459999,119.410004,115.75,116.610001,634600,110.959801
"AVY",2019-07-25,116.82,116.970001,115.57,115.989998,467100,110.369835
"AVY",2019-07-26,115.900002,117.389999,115.5,117.190002,424600,111.511703
"AVY",2019-07-29,117.160004,117.160004,116.099998,116.400002,394400,110.759979
"AVY",2019-07-30,115.809998,116.370003,114.610001,116.089996,317900,110.464996
"AVY",2019-07-31,115.849998,116.400002,113.949997,114.870003,582800,109.304108
"AVY",2019-08-01,115.029999,115.279999,110.32,111.019997,770900,105.640656
"AVY",2019-08-02,110.889999,111.400002,109.25,110.870003,475000,105.497932
"AVY",2019-08-05,109.449997,110.370003,107.629997,108.339996,625800,103.090515
"AVY",2019-08-06,109,110.330002,108.290001,110.059998,456600,104.727165
"AVY",2019-08-07,108.879997,111.199997,108.339996,111.010002,582900,105.631142
"AVY",2019-08-08,111.349998,114.870003,111.349998,114.669998,575600,109.113808
"AVY",2019-08-09,114.389999,114.910004,112.739998,113.25,542900,107.762619
"AVY",2019-08-12,112.75,113.169998,111.790001,112.120003,295900,106.687355
"AVY",2019-08-13,111.949997,115.160004,111.589996,112.730003,518700,107.267799
"AVY",2019-08-14,111.309998,112.230003,109.160004,109.900002,506400,104.574928
"AVY",2019-08-15,110.870003,112.129997,110.459999,111.629997,577000,106.221107
"AVY",2019-08-16,112.650002,114.629997,112.57,113.980003,465900,108.457245
"AVY",2019-08-19,115.279999,116.379997,115,115.739998,587000,110.131958
"AVY",2019-08-20,115.309998,115.75,114.010002,114.089996,390600,108.561897
"AVY",2019-08-21,114.75,116.059998,114.419998,114.970001,293100,109.399261
"AVY",2019-08-22,115.279999,115.75,114.239998,114.949997,328200,109.380234
"AVY",2019-08-23,114.5,114.68,110.129997,110.720001,668000,105.355186
"AVY",2019-08-26,111.699997,112.199997,110.760002,111.690002,338300,106.278183
"AVY",2019-08-27,112.139999,113.330002,112.110001,112.919998,524700,107.448608
"AVY",2019-08-28,112.760002,113.739998,111.849998,113.690002,312100,108.18129
"AVY",2019-08-29,114.940002,115.360001,114.290001,115,290500,109.427811
"AVY",2019-08-30,116.019997,116.440002,114.699997,115.57,524900,109.970192
"AVY",2019-09-03,114.18,115.080002,112.059998,112.660004,373700,107.741905
"AVY",2019-09-04,113.470001,114.489998,113.339996,114.349998,279900,109.358116
"AVY",2019-09-05,115.190002,115.839996,113.839996,113.93,481700,108.956474
"AVY",2019-09-06,114.540001,114.889999,114.169998,114.190002,426700,109.205116
"AVY",2019-09-09,114.940002,115.150002,112.870003,113.419998,280400,108.468727
"AVY",2019-09-10,113.389999,113.690002,112.050003,113.690002,518700,108.726944
"AVY",2019-09-11,113.879997,114.220001,112.720001,113,541100,108.067062
"AVY",2019-09-12,113.199997,114.290001,112.629997,113,947800,108.067062
"AVY",2019-09-13,115.779999,117.620003,114.519997,116.550003,827100,111.462097
"AVY",2019-09-16,115.239998,115.239998,111.779999,112.940002,564300,108.009689
"AVY",2019-09-17,112.660004,114.970001,112.050003,114.699997,508000,109.692848
"AVY",2019-09-18,114.5,114.519997,113.059998,114.419998,348800,109.425079
"AVY",2019-09-19,113.879997,114.529999,112.809998,114.07,495600,109.090355
"AVY",2019-09-20,114.32,114.959999,112.739998,112.82,754500,107.894913
"AVY",2019-09-23,112.550003,114.110001,111.440002,113.199997,349600,108.258324
"AVY",2019-09-24,113.919998,114.510002,111.980003,112.330002,453100,107.426315
"AVY",2019-09-25,112.449997,113.010002,111.050003,112.260002,369300,107.359375
"AVY",2019-09-26,112.510002,113.129997,111.580002,112.559998,316900,107.646278
"AVY",2019-09-27,113.519997,113.580002,111.889999,112.82,249800,107.894913
"AVY",2019-09-30,113.059998,113.989998,112.870003,113.57,291800,108.612183
"AVY",2019-10-01,114.25,114.669998,111.18,111.660004,351400,106.785561
"AVY",2019-10-02,110.75,111.220001,108.550003,109.410004,422000,104.633781
"AVY",2019-10-03,109,109.57,107.080002,109.449997,386500,104.672035
"AVY",2019-10-04,109.800003,111.830002,109.779999,111.360001,470400,106.498657
"AVY",2019-10-07,111.019997,112.300003,110.739998,111.169998,443400,106.316956
"AVY",2019-10-08,109.940002,110.150002,108.269997,108.900002,401000,104.146049
"AVY",2019-10-09,110.309998,111.019997,109.389999,110.510002,297700,105.685768
"AVY",2019-10-10,110.190002,111.660004,110.139999,111.300003,255400,106.441277
"AVY",2019-10-11,112.809998,115.110001,112.809998,113.370003,336000,108.420914
"AVY",2019-10-14,113.290001,113.470001,112.519997,112.900002,289000,107.971436
"AVY",2019-10-15,113.669998,114.120003,113.230003,113.620003,336400,108.660004
"AVY",2019-10-16,114.040001,115.040001,113.32,114.080002,617700,109.09993
"AVY",2019-10-17,114.25,116.309998,114.25,115.349998,447700,110.314484
"AVY",2019-10-18,115.010002,117.400002,114.720001,116.889999,502000,111.787247
"AVY",2019-10-21,117.879997,119.099998,117,118.5,643200,113.326965
"AVY",2019-10-22,118.629997,119.279999,117.699997,118.43,641000,113.260025
"AVY",2019-10-23,121.980003,130.610001,120.540001,126.139999,1909700,120.633423
"AVY",2019-10-24,124.660004,127.010002,123.849998,126.199997,815900,120.690819
"AVY",2019-10-25,126.339996,127.559998,125.419998,126.800003,744800,121.264626
"AVY",2019-10-28,127.220001,128.669998,126.809998,127.489998,634300,121.924507
"AVY",2019-10-29,127.260002,129.259995,126.57,129.179993,701300,123.540733
"AVY",2019-10-30,128.600006,129.270004,126.550003,129.009995,533400,123.378151
"AVY",2019-10-31,129.020004,129.360001,126.830002,127.860001,635700,122.278358
"AVY",2019-11-01,128.910004,129.690002,128.600006,129.399994,323900,123.751137
"AVY",2019-11-04,130,130.960007,129.059998,130.649994,451100,124.946541
"AVY",2019-11-05,131.100006,133.360001,130.800003,133.309998,675800,127.490456
"AVY",2019-11-06,133,133,130.820007,132.020004,631100,126.25676
"AVY",2019-11-07,132.190002,132.860001,131.720001,132.669998,622700,126.878372
"AVY",2019-11-08,132.660004,133.880005,132.009995,133.830002,412100,127.987747
"AVY",2019-11-11,132.800003,134.559998,132.520004,133.460007,438300,127.633881
"AVY",2019-11-12,133.460007,134.240005,132.960007,133.889999,415000,128.04512
"AVY",2019-11-13,133.690002,133.789993,131.619995,132.220001,526200,126.448029
"AVY",2019-11-14,131.679993,132.259995,130.539993,131.850006,347700,126.094177
"AVY",2019-11-15,132.350006,132.710007,131.600006,132.080002,297000,126.31414
"AVY",2019-11-18,131.850006,131.899994,130.699997,131.119995,437600,125.396049
"AVY",2019-11-19,131.440002,132.240005,130.630005,131.539993,610300,125.797699
"AVY",2019-11-20,131.380005,133.759995,131.210007,131.770004,535300,126.017677
"AVY",2019-11-21,132.100006,132.259995,130.669998,131.520004,397100,125.778572
"AVY",2019-11-22,131.690002,132.449997,129.070007,129.259995,491400,123.617233
"AVY",2019-11-25,129.320007,130.449997,128.460007,129.25,761600,123.607674
"AVY",2019-11-26,129.029999,130.740005,127.879997,130.740005,1098600,125.032623
"AVY",2019-11-27,131.059998,131.179993,129.820007,130.809998,1085400,125.099579
"AVY",2019-11-29,130.710007,131.020004,130.029999,130.369995,201300,124.678787
"AVY",2019-12-02,130.839996,131.5,128.649994,128.75,711400,123.129509
"AVY",2019-12-03,127.040001,129.270004,125.849998,128.770004,609700,123.705917
"AVY",2019-12-04,129.089996,130.979996,128.279999,128.529999,577000,123.475349
"AVY",2019-12-05,129.050003,130.139999,128.380005,129.899994,538600,124.791458
"AVY",2019-12-06,131.009995,131.869995,129.679993,130.139999,390200,125.022041
"AVY",2019-12-09,130.139999,130.649994,129.710007,130.089996,357700,124.974007
"AVY",2019-12-10,129.839996,130.139999,129.259995,129.770004,491800,124.666595
"AVY",2019-12-11,129.850006,130.490005,128.809998,129.809998,374900,124.705025
"AVY",2019-12-12,129.800003,131.119995,129.240005,129.619995,491000,124.522461
"AVY",2019-12-13,130.080002,130.410004,128.820007,129.990005,421900,124.87793
"AVY",2019-12-16,131,131.309998,130,130.809998,365700,125.665688
"AVY",2019-12-17,130.820007,131.690002,130.509995,130.660004,450300,125.521599
"AVY",2019-12-18,130.380005,130.619995,128.690002,130.190002,500800,125.070068
"AVY",2019-12-19,130.649994,132.130005,130.649994,131.949997,581000,126.760857
"AVY",2019-12-20,132.289993,133.139999,131.389999,131.919998,864000,126.73204
"AVY",2019-12-23,132.100006,133.270004,131.470001,132.869995,208800,127.644676
"AVY",2019-12-24,133.059998,134.389999,132.009995,133.220001,236100,127.980904
"AVY",2019-12-26,133.229996,133.639999,132.25,133.080002,828300,127.846428
"AVY",2019-12-27,133.460007,133.559998,131.479996,131.610001,255500,126.434242
"AVY",2019-12-30,131.600006,131.600006,130.699997,130.979996,272800,125.829002
"AVY",2019-12-31,130.789993,131.949997,130,130.820007,277400,125.675285
"AVY",2020-01-02,131.529999,132.25,128.880005,129.309998,699300,124.22467
"AVY",2020-01-03,127.629997,129.240005,127.32,128.509995,605900,123.456131
"AVY",2020-01-06,128.389999,128.75,126.809998,126.889999,644600,121.899849
"AVY",2020-01-07,126.349998,128.139999,125.760002,126.610001,730800,121.630867
"AVY",2020-01-08,126.699997,128.690002,126.209999,126.989998,493100,121.995918
"AVY",2020-01-09,127.419998,128.899994,126.470001,128.729996,607100,123.667488
"AVY",2020-01-10,129.100006,129.410004,128.199997,128.509995,274600,123.456131
"AVY",2020-01-13,128.729996,131,128.210007,130.949997,619500,125.800171
"AVY",2020-01-14,131,131.559998,130.440002,131.529999,521500,126.357368
"AVY",2020-01-15,131.5,132.460007,131.300003,131.960007,321500,126.770477
"AVY",2020-01-16,132.630005,133.979996,132.470001,133.949997,345200,128.68219
"AVY",2020-01-17,134.190002,134.880005,133.110001,134.720001,671400,129.421906
"AVY",2020-01-21,133.119995,133.410004,130.339996,130.520004,821600,125.387085
"AVY",2020-01-22,131.270004,132.229996,130.169998,130.229996,367700,125.108475
"AVY",2020-01-23,129.839996,131.259995,128.610001,130.820007,350500,125.675285
"AVY",2020-01-24,130.720001,131.059998,128.839996,129.679993,342600,124.580124
"AVY",2020-01-27,127.110001,128.759995,127.07,127.839996,596300,122.812477
"AVY",2020-01-28,127.760002,130.110001,126.830002,129.210007,759200,124.128609
"AVY",2020-01-29,130.820007,137.240005,128.880005,136.229996,838700,130.872528
"AVY",2020-01-30,135.259995,136.360001,130.589996,136.110001,656200,130.757248
"AVY",2020-01-31,135.020004,135.020004,130.660004,131.240005,690700,126.078781
"AVY",2020-02-03,132.050003,134.490005,131.860001,133.979996,558700,128.711014
"AVY",2020-02-04,135.309998,137.839996,135.309998,136.850006,689500,131.46817
"AVY",2020-02-05,138.360001,140.210007,138.25,140.110001,750800,134.59993
"AVY",2020-02-06,140.639999,141.089996,138.139999,138.889999,467900,133.427933
"AVY",2020-02-07,137.839996,138.399994,135.649994,136.240005,327200,130.882156
"AVY",2020-02-10,135.490005,136.740005,135.169998,136.639999,187000,131.266418
"AVY",2020-02-11,137.160004,138.389999,136.5,137.619995,262600,132.207855
"AVY",2020-02-12,138.059998,141,137.850006,139.830002,762400,134.330963
"AVY",2020-02-13,139.300003,139.509995,137.100006,138.160004,356100,132.726639
"AVY",2020-02-14,138.009995,138.759995,137.169998,138.130005,317500,132.697815
"AVY",2020-02-18,137.75,138.100006,135.300003,135.979996,386300,130.63237
"AVY",2020-02-19,136.160004,137.380005,135.740005,136.770004,492600,131.391296
"AVY",2020-02-20,136.130005,137.389999,135.639999,136.770004,260300,131.391296
"AVY",2020-02-21,135.949997,136.100006,133.449997,133.949997,550000,128.68219
"AVY",2020-02-24,129.990005,129.990005,126.730003,127.43,799800,122.418617
"AVY",2020-02-25,127.870003,127.870003,121.230003,121.519997,889900,116.74102
"AVY",2020-02-26,122.650002,124.260002,119.830002,119.839996,921700,115.127098
"AVY",2020-02-27,117.099998,120.379997,115.080002,115.089996,873300,110.563904
"AVY",2020-02-28,111.510002,115.370003,110.690002,114.489998,1002300,109.987503
"AVY",2020-03-02,114.730003,120.050003,112.720001,120.010002,951400,115.290421
"AVY",2020-03-03,119.190002,122.330002,116.800003,117.959999,811100,113.871376
"AVY",2020-03-04,119.75,121.839996,117.129997,121.760002,636700,117.539658
"AVY",2020-03-05,117.160004,120.879997,116.790001,119.120003,1044200,114.991158
"AVY",2020-03-06,115.43,121.550003,115.43,120.82,802400,116.632225
"AVY",2020-03-09,114.019997,118.029999,112.610001,115.459999,1039800,111.458015
"AVY",2020-03-10,118.830002,120.669998,114.07,120.360001,923100,116.188164
"AVY",2020-03-11,116.730003,117.389999,110.400002,110.940002,1088200,107.094696
"AVY",2020-03-12,104.419998,108.080002,100.199997,104.220001,1149400,100.607613
"AVY",2020-03-13,109.43,110.43,99.349998,106.080002,784500,102.403145
"AVY",2020-03-16,93.5,104.050003,93.5,97.010002,839600,93.647522
"AVY",2020-03-17,99.339996,107.959999,95.849998,106.709999,850200,103.011307
"AVY",2020-03-18,97.739998,105.849998,97.589996,105.459999,732700,101.804634
"AVY",2020-03-19,104.449997,105.720001,97.089996,103.050003,639500,99.478157
"AVY",2020-03-20,103.410004,103.410004,88.010002,90.800003,906600,87.652756
"AVY",2020-03-23,89.599998,90.110001,76.959999,78.75,925600,76.020432
"AVY",2020-03-24,82.470001,98.949997,81.080002,96.760002,994700,93.406197
"AVY",2020-03-25,96.269997,99.949997,93.279999,97.760002,1125200,94.371521
"AVY",2020-03-26,98.720001,107.239998,98.129997,101.989998,711600,98.454903
"AVY",2020-03-27,98.349998,102.300003,96.760002,100.309998,543300,96.83313
"AVY",2020-03-30,100.970001,105.089996,97.629997,104.769997,657300,101.13855
"AVY",2020-03-31,102.959999,104.449997,100.940002,101.870003,1230200,98.339073
"AVY",2020-04-01,98.019997,99.839996,95.18,95.93,809200,92.60495
"AVY",2020-04-02,94.989998,100.830002,93.989998,95.900002,794600,92.575989
"AVY",2020-04-03,94.800003,98.589996,93.290001,93.610001,827800,90.365364
"AVY",2020-04-06,98.959999,102.150002,97.669998,100.419998,661000,96.939316
"AVY",2020-04-07,103.5,107.620003,100.699997,104.160004,691700,100.549683
"AVY",2020-04-08,105.559998,110.709999,104.370003,110.209999,544300,106.389984
"AVY",2020-04-09,110.940002,116.669998,110.940002,115.029999,688800,111.042923
"AVY",2020-04-13,114.150002,114.980003,108.029999,108.779999,580400,105.009567
"AVY",2020-04-14,111,112.870003,109.889999,110.529999,376200,106.698898
"AVY",2020-04-15,106.82,108.629997,105.709999,106.980003,425700,103.27195
"AVY",2020-04-16,107.660004,108.349998,101.660004,104.68,539800,101.051659
"AVY",2020-04-17,107.239998,110,106.360001,109.360001,405600,105.56945
"AVY",2020-04-20,107.849998,107.849998,104.410004,104.900002,370700,101.264053
"AVY",2020-04-21,102.760002,103.730003,101.82,103.260002,506500,99.680893
"AVY",2020-04-22,104.459999,106.279999,103.480003,105.370003,429700,101.717751
"AVY",2020-04-23,106.5,108.940002,106.169998,106.730003,494200,103.030602
"AVY",2020-04-24,108.040001,109.190002,106.129997,108.540001,400600,104.777878
"AVY",2020-04-27,108.970001,114.25,107.760002,114,470700,110.04863
"AVY",2020-04-28,116.379997,119.410004,114.550003,114.68,640500,110.705055
"AVY",2020-04-29,116.370003,119.550003,112.18,114.160004,859900,110.203079
"AVY",2020-04-30,111.019997,112.059998,108.540001,110.389999,620700,106.563751
"AVY",2020-05-01,108.400002,108.599998,105.150002,108.07,469200,104.324165
"AVY",2020-05-04,107.650002,107.989998,105.610001,106.919998,378200,103.21402
"AVY",2020-05-05,107.57,108.370003,106.139999,106.489998,444300,102.79892
"AVY",2020-05-06,107.099998,107.93,105.349998,105.75,333500,102.084579
"AVY",2020-05-07,107.029999,107.720001,103.800003,104.32,628500,100.704147
"AVY",2020-05-08,106.349998,109.529999,105.93,109.260002,379400,105.472908
"AVY",2020-05-11,108.160004,109.300003,105.459999,108.809998,409900,105.038513
"AVY",2020-05-12,109.18,109.879997,104.419998,104.459999,415800,100.839287
"AVY",2020-05-13,103.360001,105.190002,101.120003,102.260002,551100,98.715546
"AVY",2020-05-14,101.230003,102.260002,98.839996,102.220001,500600,98.676926
"AVY",2020-05-15,101.18,101.839996,99.260002,100.480003,499600,96.997246
"AVY",2020-05-18,104.279999,106.459999,104.279999,104.489998,576100,100.86824
"AVY",2020-05-19,103.790001,104.510002,102.559998,102.809998,380500,99.246475
"AVY",2020-05-20,103.900002,106.830002,103.900002,105.75,484200,102.084579
"AVY",2020-05-21,105.019997,106.050003,103.120003,105.910004,464100,102.239021
"AVY",2020-05-22,105.800003,107.629997,105.669998,106.449997,577700,102.760323
"AVY",2020-05-26,109.389999,112.040001,108.419998,111.449997,615100,107.586998
"AVY",2020-05-27,113.519997,114.839996,111.330002,113.419998,677200,109.488724
"AVY",2020-05-28,114.589996,114.589996,112,112.190002,397500,108.301369
"AVY",2020-05-29,111.669998,112.529999,109.260002,110.669998,1155800,106.834038
"AVY",2020-06-01,111.300003,113.779999,111.160004,112.970001,493200,109.054329
"AVY",2020-06-02,112.589996,116.510002,112.589996,115.57,643200,112.139946
"AVY",2020-06-03,117.25,120.220001,116.349998,119.75,629400,116.195877
"AVY",2020-06-04,118.459999,120,117.5,118.739998,432700,115.215866
"AVY",2020-06-05,122.699997,125.669998,121.800003,123.32,739100,119.659927
"AVY",2020-06-08,122.949997,125.639999,122.839996,124.610001,441200,120.911636
"AVY",2020-06-09,123.290001,123.580002,121.379997,122.419998,363300,118.786636
"AVY",2020-06-10,122.349998,122.349998,119.040001,121.459999,656900,117.855125
"AVY",2020-06-11,118.910004,118.910004,111.919998,112.010002,710500,108.685608
"AVY",2020-06-12,115.980003,116.949997,112,113.5,429900,110.131386
"AVY",2020-06-15,110.379997,116.300003,109.07,115.519997,376100,112.091423
"AVY",2020-06-16,119.75,119.889999,114.669998,116.349998,547400,112.89679
"AVY",2020-06-17,116.660004,117.169998,115.32,115.75,260400,112.314613
"AVY",2020-06-18,115.690002,116.75,114.870003,116.470001,412900,113.013237
"AVY",2020-06-19,118.610001,118.610001,114.510002,114.519997,542300,111.121094
"AVY",2020-06-22,113.459999,114.309998,112.419998,113.769997,403900,110.393372
"AVY",2020-06-23,115.120003,115.879997,113.43,115.480003,605300,112.052635
"AVY",2020-06-24,114.379997,114.830002,111.980003,112.290001,908100,108.957298
"AVY",2020-06-25,112.059998,112.059998,109.410004,111.370003,826900,108.064598
"AVY",2020-06-26,111.129997,112.269997,109.379997,109.830002,1504400,106.570313
"AVY",2020-06-29,110.830002,113.07,110.349998,111.940002,337900,108.617676
"AVY",2020-06-30,111.790001,115.089996,111.730003,114.089996,594900,110.703857
"AVY",2020-07-01,114.339996,114.75,112.300003,114.019997,492500,110.635941
"AVY",2020-07-02,115.190002,117.559998,114.639999,117,728400,113.527504
"AVY",2020-07-06,119.43,120.089996,116.709999,118.18,629400,114.672485
"AVY",2020-07-07,116.699997,116.839996,115.269997,115.849998,480300,112.411636
"AVY",2020-07-08,115.480003,116.040001,112.489998,112.949997,673600,109.597694
"AVY",2020-07-09,112.5,112.709999,109.989998,110.610001,573400,107.327156
"AVY",2020-07-10,110.800003,111.839996,110.010002,111.040001,970800,107.744392
"AVY",2020-07-13,112.199997,114.089996,111.699997,112.150002,946100,108.821449
"AVY",2020-07-14,112.120003,115.82,111.440002,115.82,784400,112.38253
"AVY",2020-07-15,118.050003,119.610001,117.32,118.989998,761700,115.458427
"AVY",2020-07-16,118.889999,120.580002,118.400002,119.419998,675300,115.875679
"AVY",2020-07-17,120.269997,121.660004,118.800003,121.260002,595400,117.661072
"AVY",2020-07-20,120.5,121.010002,119.660004,119.889999,310400,116.331718
"AVY",2020-07-21,120.110001,121.410004,120,120.489998,400500,116.913918
"AVY",2020-07-22,120.129997,122.199997,119.93,122.199997,358600,118.573158
"AVY",2020-07-23,122.260002,123.599998,120.400002,120.910004,362800,117.321457
"AVY",2020-07-24,121.050003,122.709999,119.910004,120.410004,1467700,116.836304
"AVY",2020-07-27,120.459999,120.900002,113.620003,115.860001,1203800,112.421341
"AVY",2020-07-28,117.25,118.389999,116.290001,117.599998,968500,114.109695
"AVY",2020-07-29,118.199997,119.370003,117.260002,117.959999,746700,114.459015
"AVY",2020-07-30,116.339996,117.010002,114.599998,115.129997,457900,111.712997
"AVY",2020-07-31,114.699997,115.029999,112.099998,113.339996,400300,109.97612
"AVY",2020-08-03,114.040001,114.389999,112.540001,112.809998,480700,109.461853
"AVY",2020-08-04,112.32,114.18,111.800003,113.839996,657800,110.461288
"AVY",2020-08-05,114.470001,116.82,114.470001,116.089996,608900,112.644508
"AVY",2020-08-06,115.940002,116.849998,114.129997,114.449997,580900,111.053169
"AVY",2020-08-07,113.720001,115.830002,113.389999,115.82,379700,112.38253
"AVY",2020-08-10,116.360001,117.190002,115.330002,116.18,343300,112.731834
"AVY",2020-08-11,118.18,119.949997,117.830002,118.349998,625900,114.837448
"AVY",2020-08-12,119.940002,120.82,119.110001,120.459999,419600,116.884811
"AVY",2020-08-13,119.110001,119.18,117.860001,118.43,366700,114.915062
"AVY",2020-08-14,117.5,117.970001,116.360001,116.589996,378600,113.129669
"AVY",2020-08-17,117.43,117.43,115.43,115.860001,354200,112.421341
"AVY",2020-08-18,115.699997,115.900002,114.150002,114.339996,403300,110.946449
"AVY",2020-08-19,115.040001,116.080002,113.75,114.25,333900,110.859116
"AVY",2020-08-20,113.089996,113.599998,112.209999,113.440002,441500,110.073166
"AVY",2020-08-21,113.309998,115.050003,112.690002,114.580002,360700,111.179329
"AVY",2020-08-24,115.480003,116.309998,114.779999,115.379997,240700,111.955574
"AVY",2020-08-25,116.099998,116.300003,114.440002,115.910004,438400,112.469856
"AVY",2020-08-26,115.629997,116.029999,114.620003,115.75,371100,112.314613
"AVY",2020-08-27,115.339996,117.129997,115.260002,116.290001,349800,112.838577
"AVY",2020-08-28,116.639999,118.360001,115.419998,118.18,314500,114.672485
"AVY",2020-08-31,118.18,118.18,114.650002,115.389999,544300,111.965286
"AVY",2020-09-01,114.160004,117.709999,113.059998,117.660004,521800,114.74469
"AVY",2020-09-02,117.779999,121.529999,117.57,121.160004,553600,118.157951
"AVY",2020-09-03,121.209999,121.330002,117.040001,119.080002,561100,116.129494
"AVY",2020-09-04,120.419998,120.690002,117.650002,119.080002,574400,116.129494
"AVY",2020-09-08,118.379997,118.379997,113.559998,114.059998,606400,111.233871
"AVY",2020-09-09,114.589996,117.019997,114.589996,116.349998,439300,113.467125
"AVY",2020-09-10,117.199997,118.050003,115.910004,116.040001,546200,113.164803
"AVY",2020-09-11,117.230003,120.82,116.910004,119.790001,807200,116.821915
"AVY",2020-09-14,121.290001,123.839996,121.120003,121.809998,723700,118.791832
"AVY",2020-09-15,123.169998,128.720001,123.169998,128.020004,956500,124.847977
"AVY",2020-09-16,128.360001,129.740005,128.020004,128.330002,1137400,125.150299
"AVY",2020-09-17,127,129.729996,124.660004,128.690002,708800,125.501389
"AVY",2020-09-18,128.039993,128.779999,124.57,125.480003,741900,122.370911
"AVY",2020-09-21,123.099998,124.260002,119.550003,121.199997,630100,118.196945
"AVY",2020-09-22,120.910004,122.589996,120.849998,122.010002,672200,118.986893
"AVY",2020-09-23,122.290001,122.43,118.220001,118.709999,696000,115.768661
"AVY",2020-09-24,118.010002,119.620003,116.739998,117.360001,614100,114.452103
"AVY",2020-09-25,116.199997,119.75,115.769997,119.300003,429400,116.34404
"AVY",2020-09-28,120.760002,123.860001,120.529999,123.010002,565200,119.962112
"AVY",2020-09-29,123.639999,125.339996,123.239998,124.589996,662700,121.502968
"AVY",2020-09-30,125.360001,129.399994,125.050003,127.839996,886400,124.67244
"AVY",2020-10-01,128.710007,129.5,124.309998,124.650002,679900,121.561478
"AVY",2020-10-02,122.790001,125.699997,122.559998,124.330002,718300,121.249397
"AVY",2020-10-05,125.959999,128.720001,125.800003,128.220001,770800,125.04303
"AVY",2020-10-06,129.279999,130.600006,125.75,126.339996,763700,123.209602
"AVY",2020-10-07,128.110001,131.460007,127.959999,129.559998,409200,126.349823
"AVY",2020-10-08,130.029999,132.179993,130.029999,132.059998,411700,128.787842
"AVY",2020-10-09,133.039993,133.220001,130.179993,130.5,469300,127.266533
"AVY",2020-10-12,131.600006,131.869995,129.080002,129.309998,673300,126.106018
"AVY",2020-10-13,129,130.759995,128.460007,129.440002,353000,126.232796
"AVY",2020-10-14,129.389999,131.669998,129.389999,131.179993,345800,127.92968
"AVY",2020-10-15,129.789993,133.559998,129.660004,132.860001,419800,129.568069
"AVY",2020-10-16,133.720001,134.479996,133.369995,134.020004,435500,130.69931
"AVY",2020-10-19,133.929993,136.190002,133.529999,133.740005,674300,130.426239
"AVY",2020-10-20,135.410004,137.5,133.910004,134.339996,579300,131.011383
"AVY",2020-10-21,134.490005,145.449997,134.490005,142.559998,1400800,139.02771
"AVY",2020-10-22,138.589996,142.839996,137.589996,140.869995,736200,137.379562
"AVY",2020-10-23,142.070007,143.800003,140.460007,141.740005,683100,138.228043
"AVY",2020-10-26,140.490005,140.649994,137.550003,139.25,379700,135.799713
"AVY",2020-10-27,139.440002,140.190002,138.149994,138.149994,528300,134.72699
"AVY",2020-10-28,135.179993,136.990005,134.5,135.149994,600600,131.8013
"AVY",2020-10-29,135.630005,140.839996,135.289993,139.809998,579500,136.345856
"AVY",2020-10-30,138.149994,140.289993,136.679993,138.389999,550200,134.96106
"AVY",2020-11-02,140.089996,142.279999,139.429993,141.699997,480800,138.189041
"AVY",2020-11-03,143.880005,146.020004,143.119995,145.210007,452500,141.612076
"AVY",2020-11-04,145.289993,145.889999,142.509995,143.380005,483000,139.827408
"AVY",2020-11-05,145.399994,148.899994,145,147.039993,348600,143.396713
"AVY",2020-11-06,147.119995,148.820007,146.919998,148.259995,312100,144.586487
"AVY",2020-11-09,153.990005,156.820007,150.979996,152.350006,891200,148.57515
"AVY",2020-11-10,151.639999,152.720001,147.710007,150.699997,1172900,146.966003
"AVY",2020-11-11,151.820007,153.229996,150.330002,151.779999,426900,148.019257
"AVY",2020-11-12,150.539993,151.350006,146.600006,147.619995,493200,143.962341
"AVY",2020-11-13,148.990005,151.070007,148.330002,149.580002,638200,145.873779
"AVY",2020-11-16,152.179993,153.979996,150.860001,152.600006,513600,148.818954
"AVY",2020-11-17,151.380005,152.229996,149.100006,149.440002,556500,145.737259
"AVY",2020-11-18,150.160004,151.5,147.410004,147.429993,480400,143.777039
"AVY",2020-11-19,146.839996,147.5,145.350006,147.029999,509700,143.386963
"AVY",2020-11-20,146.860001,147.850006,146.119995,147.5,414200,143.845306
"AVY",2020-11-23,148.910004,149.690002,146.630005,147.479996,370000,143.825806
"AVY",2020-11-24,149.270004,153.5,148.580002,153.059998,559700,149.267578
"AVY",2020-11-25,152.25,152.970001,150.850006,151.559998,317400,147.804703
"AVY",2020-11-27,151.399994,152.240005,149.440002,150.300003,179400,146.575928
"AVY",2020-11-30,150.080002,151.25,148.5,149.339996,590300,145.639694
"AVY",2020-12-01,150.809998,152.710007,149.009995,151.75,399500,148.606964
"AVY",2020-12-02,150.649994,152.429993,150,150.839996,324300,147.715805
"AVY",2020-12-03,150.809998,152.199997,149.539993,149.869995,450800,146.765884
"AVY",2020-12-04,150.350006,154.240005,150.139999,154.039993,313800,150.849518
"AVY",2020-12-07,154.309998,155.369995,153.029999,154.179993,409500,150.986633
"AVY",2020-12-08,153.690002,156.050003,152.259995,155.309998,438400,152.093231
"AVY",2020-12-09,156.139999,156.610001,153,153.899994,349500,150.712433
"AVY",2020-12-10,153.119995,153.210007,149.960007,150.800003,456400,147.67662
"AVY",2020-12-11,149.529999,150.690002,149.149994,150.009995,437400,146.903
"AVY",2020-12-14,151.820007,151.929993,148.449997,148.770004,599300,145.688675
"AVY",2020-12-15,150.649994,151.789993,149.160004,150.979996,437600,147.852905
"AVY",2020-12-16,151.009995,151.220001,148.899994,150.649994,301000,147.529739
"AVY",2020-12-17,151.649994,152.919998,150.490005,152.229996,351500,149.077011
"AVY",2020-12-18,151.949997,153.169998,150.589996,152.960007,995200,149.791931
"AVY",2020-12-21,150.690002,152.360001,148.550003,152.080002,312900,148.93013
"AVY",2020-12-22,151.369995,152.809998,150.190002,151.759995,336700,148.616745
"AVY",2020-12-23,152.669998,154.139999,151.779999,152.710007,305700,149.547104
"AVY",2020-12-24,153.570007,153.949997,152.199997,153.399994,82200,150.222763
"AVY",2020-12-28,155,155.779999,153.330002,153.940002,221000,150.751602
"AVY",2020-12-29,154.5,155.009995,151.490005,152.220001,230900,149.067215
"AVY",2020-12-30,153.320007,154.889999,153.009995,154.190002,190800,150.996445
"AVY",2020-12-31,154.699997,155.479996,152.960007,155.110001,203900,151.897385
"AVY",2021-01-04,155.460007,157.25,151.110001,151.899994,527900,148.753845
"AVY",2021-01-05,154.050003,154.779999,151.690002,152.229996,827000,149.077011
"AVY",2021-01-06,153.990005,158.539993,153.070007,158.050003,1006700,154.776474
"AVY",2021-01-07,160.440002,163.270004,159.830002,162.979996,510900,159.604355
"AVY",2021-01-08,163.279999,163.820007,155.559998,156.75,664200,153.503387
"AVY",2021-01-11,155.399994,162.699997,155.399994,161.339996,541400,157.998352
"AVY",2021-01-12,161.460007,164.110001,160.789993,163.429993,436400,160.045044
"AVY",2021-01-13,162.5,163.729996,160.509995,162.929993,563300,159.555389
"AVY",2021-01-14,163.279999,164.009995,161.429993,161.779999,373600,158.429214
"AVY",2021-01-15,160.949997,160.949997,158.429993,159.330002,421000,156.029968
"AVY",2021-01-19,161.220001,162.119995,158.779999,159.770004,412700,156.460846
"AVY",2021-01-20,160.160004,161.529999,159.070007,159.380005,412000,156.078918
"AVY",2021-01-21,159.779999,160.850006,158.289993,159.770004,296600,156.460846
"AVY",2021-01-22,159.320007,159.690002,156.490005,156.679993,468400,153.434845
"AVY",2021-01-25,155.979996,156.850006,153.559998,155.929993,388000,152.700378
"AVY",2021-01-26,156.869995,157.350006,154.949997,155.369995,307200,152.151993
"AVY",2021-01-27,151.850006,152.179993,147.399994,148.669998,430900,145.590759
"AVY",2021-01-28,151.169998,156.100006,150.020004,154.309998,385500,151.113922
"AVY",2021-01-29,153.080002,153.820007,150.339996,150.869995,421000,147.745178
"AVY",2021-02-01,153.320007,153.759995,149.429993,153.059998,381700,149.889832
"AVY",2021-02-02,154.949997,157.190002,152.600006,155.990005,456000,152.759155
"AVY",2021-02-03,160,167.949997,159.169998,166.410004,925500,162.963333
"AVY",2021-02-04,166.190002,169.940002,162.479996,169.759995,730400,166.243927
"AVY",2021-02-05,171.619995,173.169998,169.639999,173.089996,667900,169.504959
"AVY",2021-02-08,172.830002,175.580002,170.779999,174.889999,531400,171.26767
"AVY",2021-02-09,174.440002,174.839996,171.5,172.539993,491100,168.966354
"AVY",2021-02-10,174.529999,176.380005,172.789993,174.630005,511400,171.013062
"AVY",2021-02-11,174.169998,174.580002,170.529999,173.360001,434300,169.769394
"AVY",2021-02-12,172.449997,177.350006,172.350006,177.229996,252600,173.559219
"AVY",2021-02-16,177.820007,179.309998,177.130005,179.110001,465100,175.400284
"AVY",2021-02-17,178.039993,178.979996,175.100006,175.479996,345900,171.845459
"AVY",2021-02-18,174.399994,175.570007,171.690002,172.570007,398800,168.995743
"AVY",2021-02-19,173.419998,176.800003,173.419998,175.410004,616000,171.776932
"AVY",2021-02-22,173.740005,173.850006,171.350006,172.309998,577300,168.741104
"AVY",2021-02-23,171.889999,176.399994,168.880005,175.740005,601000,172.100098
"AVY",2021-02-24,175.789993,181.389999,173.75,180.520004,1277100,176.781082
"AVY",2021-02-25,179.539993,181.570007,177.889999,178.919998,631700,175.214233
"AVY",2021-02-26,177.809998,179.690002,175.210007,175.210007,701900,171.58107
"AVY",2021-03-01,176.699997,181.699997,176.699997,178.470001,513400,174.773514
"AVY",2021-03-02,177.449997,178.850006,174.740005,177.009995,540500,173.948059
"AVY",2021-03-03,177.699997,180.210007,176.75,178.419998,595100,175.333679
"AVY",2021-03-04,178.149994,178.839996,168.470001,172.190002,458700,169.211456
"AVY",2021-03-05,174.929993,177.960007,168.720001,177.270004,592500,174.203583
"AVY",2021-03-08,177.639999,185.820007,176.839996,183.039993,865600,179.873749
"AVY",2021-03-09,183.080002,186.770004,182.169998,182.270004,637200,179.117081
"AVY",2021-03-10,182.5,183.649994,180.089996,180.25,596100,177.132034
"AVY",2021-03-11,181.470001,181.470001,177.300003,179.279999,698700,176.178802
"AVY",2021-03-12,180.779999,181.490005,179.190002,180.789993,373200,177.662674
"AVY",2021-03-15,180.380005,184.320007,179.699997,184.009995,420700,180.826996
"AVY",2021-03-16,184.940002,185.919998,180.5,180.529999,538800,177.407181
"AVY",2021-03-17,179.869995,182.089996,179,181.130005,363200,177.996796
"AVY",2021-03-18,180.779999,182.660004,180.050003,181.570007,603800,178.429214
"AVY",2021-03-19,180.399994,181.820007,177.520004,179.509995,1330600,176.404831
"AVY",2021-03-22,178.070007,181.389999,176.970001,180.429993,356700,177.308914
"AVY",2021-03-23,179.639999,181.320007,175.830002,176.809998,428600,173.751541
"AVY",2021-03-24,177.860001,180.130005,176.690002,177.100006,401000,174.03653
"AVY",2021-03-25,177.529999,181.869995,174.639999,181.589996,535300,178.448853
"AVY",2021-03-26,182.050003,183.770004,180.600006,183.639999,306100,180.463394
"AVY",2021-03-29,182.190002,185.229996,182.089996,182.490005,582300,179.333298
"AVY",2021-03-30,182.529999,185.470001,182.199997,185.179993,397400,181.976746
"AVY",2021-03-31,185,186.360001,183.479996,183.649994,414900,180.473236
"AVY",2021-04-01,183.570007,188.809998,181.839996,188.070007,850900,184.816757
"AVY",2021-04-05,189.270004,192.089996,188.559998,190.949997,449800,187.646912
"AVY",2021-04-06,189.440002,192.839996,189.440002,192.309998,494800,188.983398
"AVY",2021-04-07,192.910004,192.910004,189.470001,190.600006,323200,187.302979
"AVY",2021-04-08,189.429993,192.460007,188.820007,191.970001,452300,188.649277
"AVY",2021-04-09,192.699997,197.800003,191.580002,197.130005,915300,193.720032
"AVY",2021-04-12,197.410004,198.679993,195.520004,196.539993,491200,193.140259
"AVY",2021-04-13,195.320007,195.850006,192.169998,193.639999,611300,190.290405
"AVY",2021-04-14,193.559998,195.949997,192.229996,194.649994,722600,191.282913
"AVY",2021-04-15,196.220001,199.710007,195.880005,198.449997,525100,195.017181
"AVY",2021-04-16,200.149994,200.940002,197.669998,198.600006,416700,195.164627
"AVY",2021-04-19,199.509995,200.940002,197.979996,198.600006,539700,195.164627
"AVY",2021-04-20,199.029999,199.490005,196.440002,198.039993,518800,194.614288
"AVY",2021-04-21,198.119995,199.520004,197.570007,199.229996,555200,195.783707
"AVY",2021-04-22,200.300003,200.960007,197.520004,200,639200,196.54039
"AVY",2021-04-23,201.029999,202.910004,200.440002,202.160004,407500,198.66304
"AVY",2021-04-26,202.589996,203.490005,200.440002,200.789993,570900,197.316711
"AVY",2021-04-27,200.009995,205.490005,199.839996,204.240005,1075800,200.707047
"AVY",2021-04-28,205.149994,216.979996,205.149994,211.410004,1188200,207.753036
"AVY",2021-04-29,212.899994,215.130005,211.330002,214.729996,547700,211.015579
"AVY",2021-04-30,214.860001,216.759995,212.440002,214.169998,683000,210.465271
"AVY",2021-05-03,215.300003,215.490005,212.800003,213.710007,603300,210.013245
"AVY",2021-05-04,213.160004,214.800003,212.399994,214.699997,674600,210.986084
"AVY",2021-05-05,215.550003,216.759995,212.899994,215.919998,805800,212.185013
"AVY",2021-05-06,216.779999,220.380005,215.550003,220.350006,419100,216.538391
"AVY",2021-05-07,218.869995,222.75,218.429993,221.460007,388800,217.629181
"AVY",2021-05-10,223.320007,226.190002,221.490005,221.580002,469300,217.747116
"AVY",2021-05-11,220.220001,220.220001,216.199997,218.399994,546800,214.622086
"AVY",2021-05-12,218.410004,218.699997,214.600006,214.949997,483600,211.231766
"AVY",2021-05-13,215.410004,221.350006,214.559998,220.440002,443400,216.626831
"AVY",2021-05-14,221.160004,222.080002,218.800003,219.059998,537700,215.270676
"AVY",2021-05-17,219.199997,222.110001,217.360001,220.960007,368500,217.137833
"AVY",2021-05-18,221.199997,221.630005,216.009995,216.059998,414600,212.322586
"AVY",2021-05-19,214.169998,216.240005,212.059998,216.020004,496800,212.283279
"AVY",2021-05-20,216.380005,218.929993,215.570007,216.990005,407400,213.236496
"AVY",2021-05-21,217.869995,219.550003,216.119995,216.619995,499300,212.872879
"AVY",2021-05-24,218.460007,219.869995,216.940002,218.809998,460800,215.024994
"AVY",2021-05-25,219.199997,219.490005,215.399994,216.970001,598200,213.216827
"AVY",2021-05-26,217.039993,217.600006,214.169998,216.710007,856500,212.961349
"AVY",2021-05-27,218.419998,219.149994,217.029999,218.639999,1153300,214.857956
"AVY",2021-05-28,218.25,220.789993,217.509995,220.529999,522200,216.71524
"AVY",2021-06-01,222.119995,224.460007,221.759995,222.559998,542600,219.386597
"AVY",2021-06-02,223.350006,223.350006,217.440002,219.380005,585200,216.251953
"AVY",2021-06-03,218.190002,219.25,216.580002,219.25,487100,216.12381
"AVY",2021-06-04,220.809998,221.559998,218.979996,220.320007,391400,217.178543
"AVY",2021-06-07,221,221,215.360001,216.419998,778100,213.334152
"AVY",2021-06-08,216.070007,218.929993,214.320007,218.270004,385400,215.157791
"AVY",2021-06-09,218.149994,219.570007,217.389999,218.119995,235300,215.009918
"AVY",2021-06-10,219.289993,219.899994,216.800003,217.089996,266700,213.994629
"AVY",2021-06-11,218.110001,219.610001,217.380005,219.350006,353200,216.222397
"AVY",2021-06-14,219.100006,219.199997,213.429993,213.559998,658500,210.514954
"AVY",2021-06-15,213.570007,215.410004,211.869995,214.669998,697700,211.609116
"AVY",2021-06-16,214.160004,214.850006,210.589996,211.089996,418200,208.080154
"AVY",2021-06-17,211.089996,212.309998,204.860001,208.570007,382200,205.5961
"AVY",2021-06-18,204.199997,207.089996,202.75,205.490005,823400,202.560028
"AVY",2021-06-21,207.979996,211.160004,207.720001,209.880005,383300,206.887405
"AVY",2021-06-22,209.690002,211.100006,208.25,210.039993,354100,207.045135
"AVY",2021-06-23,210.630005,210.630005,208.429993,208.619995,222500,205.645386
"AVY",2021-06-24,210.220001,210.220001,207.509995,207.820007,539200,204.856796
"AVY",2021-06-25,208.600006,210.990005,208.320007,208.669998,786500,205.694672
"AVY",2021-06-28,209.190002,209.869995,207.460007,209.399994,386900,206.414261
"AVY",2021-06-29,209.809998,211.080002,209.410004,209.710007,236100,206.719849
"AVY",2021-06-30,209.520004,210.75,208.949997,210.240005,274200,207.242294
"AVY",2021-07-01,211.770004,212,209.839996,210.270004,387000,207.271866
"AVY",2021-07-02,210.360001,210.360001,208.160004,209.899994,349600,206.90712
"AVY",2021-07-06,209.75,210,204.399994,206.520004,467700,203.575317
"AVY",2021-07-07,205.869995,210.110001,205.869995,209.509995,592300,206.522675
"AVY",2021-07-08,206.419998,208.119995,204.419998,207.479996,384500,204.521622
"AVY",2021-07-09,210.289993,211.119995,209,210.350006,330700,207.350723
"AVY",2021-07-12,208.860001,212.139999,208.309998,210.429993,483600,207.42955
"AVY",2021-07-13,209.460007,210.110001,207.440002,208.220001,569000,205.251083
"AVY",2021-07-14,208.610001,210.050003,207.669998,208.050003,349300,205.083496
"AVY",2021-07-15,206.75,209.199997,206.360001,207.869995,296800,204.906082
"AVY",2021-07-16,208.5,208.589996,202.570007,203.289993,465100,200.391373
"AVY",2021-07-19,200.690002,202.020004,196.929993,198.839996,732200,196.004822
"AVY",2021-07-20,199.029999,204.029999,198.490005,200.75,907700,197.887604
"AVY",2021-07-21,201.809998,204.050003,201.710007,203.089996,664200,200.194244
"AVY",2021-07-22,203.25,203.25,200.419998,200.880005,376300,198.015732
"AVY",2021-07-23,201.320007,202.770004,199.75,202.25,399400,199.366211
"AVY",2021-07-26,202.300003,205.880005,202.220001,205.300003,445200,202.372726
"AVY",2021-07-27,204.199997,207.169998,202.220001,205.050003,683700,202.126282
"AVY",2021-07-28,207.100006,214.649994,206.419998,209.990005,1185400,206.995865
"AVY",2021-07-29,211.470001,211.470001,207.949997,209.699997,436900,206.709976
"AVY",2021-07-30,209.350006,211.070007,209.350006,210.679993,342000,207.675995
"AVY",2021-08-02,211.679993,215.25,209.800003,210.259995,534300,207.261993
"AVY",2021-08-03,211.059998,214.309998,209.360001,213.970001,358100,210.919098
"AVY",2021-08-04,213.479996,214.539993,211.559998,212.759995,389700,209.726349
"AVY",2021-08-05,214.25,215.410004,211.020004,211.899994,280800,208.878586
"AVY",2021-08-06,212.910004,214.5,211.309998,213.220001,369500,210.179794
"AVY",2021-08-09,213.059998,214.979996,211.509995,214.649994,453400,211.589386
"AVY",2021-08-10,215.360001,218.529999,215,217.029999,349900,213.935455
"AVY",2021-08-11,217.539993,218.490005,215.960007,217.5,317700,214.398758
"AVY",2021-08-12,216.669998,217.910004,215.339996,216.020004,255500,212.939865
"AVY",2021-08-13,215.929993,218.130005,215.350006,215.529999,292600,212.456848
"AVY",2021-08-16,214.929993,219.830002,214.279999,219.699997,538400,216.567398
"AVY",2021-08-17,219.399994,220.5,215.589996,216.779999,423900,213.689026
"AVY",2021-08-18,215.619995,218.089996,215.320007,215.619995,371500,212.545578
"AVY",2021-08-19,213.910004,217.059998,212.679993,215.470001,392000,212.397705
"AVY",2021-08-20,215.070007,218.949997,215.070007,218.279999,321800,215.167648
"AVY",2021-08-23,219.550003,220.199997,217.770004,218.050003,308800,214.940933
"AVY",2021-08-24,217.990005,220.240005,217.990005,219.089996,374200,215.96608
"AVY",2021-08-25,219.399994,224.490005,217.839996,223.940002,791600,220.746948
"AVY",2021-08-26,224.410004,226.039993,223.380005,224.690002,402400,221.486237
"AVY",2021-08-27,226.360001,228.089996,225.25,226.139999,439300,222.915573
"AVY",2021-08-30,226.770004,228.880005,226.190002,226.619995,288900,223.388733
"AVY",2021-08-31,226.059998,227.039993,224.029999,225.389999,584100,222.84494
"AVY",2021-09-01,226.389999,227.690002,222.699997,226.139999,454400,223.586456
"AVY",2021-09-02,226.910004,227.440002,225.020004,227.369995,256400,224.802567
"AVY",2021-09-03,226.949997,227.690002,225.649994,225.729996,296600,223.181091
"AVY",2021-09-07,224.979996,225.300003,221.830002,223.880005,434500,221.352005
"AVY",2021-09-08,222.889999,225.75,222.369995,224.919998,368300,222.380249
"AVY",2021-09-09,225.490005,227.039993,224.75,224.940002,212100,222.40004
"AVY",2021-09-10,226.550003,227.509995,224.330002,224.369995,312200,221.836456
"AVY",2021-09-13,226.119995,226.119995,221.759995,223.320007,236200,220.798309
"AVY",2021-09-14,223.699997,223.699997,220.619995,221.820007,295700,219.315262
"AVY",2021-09-15,221.770004,224.589996,221.330002,222.529999,373200,220.017227
"AVY",2021-09-16,222.779999,223.059998,221.020004,221.429993,284300,218.929642
"AVY",2021-09-17,221.070007,221.429993,214.270004,214.679993,741900,212.255875
"AVY",2021-09-20,211.690002,213.600006,208.830002,212.429993,368200,210.031281
"AVY",2021-09-21,213,213,209.940002,210.529999,307100,208.15274
"AVY",2021-09-22,211.660004,215,210.539993,213.389999,322600,210.980453
"AVY",2021-09-23,215.149994,220.789993,215.149994,218.509995,424100,216.042618
"AVY",2021-09-24,217.630005,219.240005,216.580002,216.940002,274600,214.490356
"AVY",2021-09-27,216.210007,217.929993,214.389999,217.070007,427400,214.618896
"AVY",2021-09-28,215.779999,217.350006,212.440002,212.520004,302600,210.12027
"AVY",2021-09-29,212.820007,214.940002,211.520004,212.839996,238800,210.436646
"AVY",2021-09-30,213.979996,214.820007,207.110001,207.210007,467300,204.870224
"AVY",2021-10-01,207.710007,210.449997,203.229996,209.649994,395500,207.282669
"AVY",2021-10-04,209.449997,211.809998,206.550003,207.940002,357900,205.59198
"AVY",2021-10-05,209,211.990005,207.630005,210.970001,520400,208.587769
"AVY",2021-10-06,208.960007,210.979996,206.020004,210.309998,432900,207.935226
"AVY",2021-10-07,212.380005,215.330002,211.860001,213.330002,323800,210.921127
"AVY",2021-10-08,213.029999,213.029999,206.669998,206.770004,397200,204.435196
"AVY",2021-10-11,207.220001,208.889999,205.460007,206.009995,270100,203.683762
"AVY",2021-10-12,206.360001,207.679993,205.110001,205.679993,378800,203.357498
"AVY",2021-10-13,206.770004,207.429993,202.259995,205.419998,360600,203.100433
"AVY",2021-10-14,207.350006,208.619995,206.559998,207.729996,503200,205.384338
"AVY",2021-10-15,209.070007,210.470001,207.270004,209.75,444300,207.381531
"AVY",2021-10-18,208.490005,209.860001,207.389999,209.520004,475200,207.15416
"AVY",2021-10-19,210.690002,212.279999,209.479996,211.279999,302800,208.894257
"AVY",2021-10-20,211.759995,215.690002,210.880005,214.669998,364500,212.245987
"AVY",2021-10-21,214.559998,216.440002,213.389999,216.369995,254000,213.926788
"AVY",2021-10-22,217.470001,219.990005,216.809998,217.5,293500,215.044022
"AVY",2021-10-25,217.559998,219.139999,215.690002,218.020004,460600,215.558167
"AVY",2021-10-26,218.589996,218.75,211.240005,211.899994,727900,209.507263
"AVY",2021-10-27,209.600006,215.100006,205,208.179993,790100,205.829269
"AVY",2021-10-28,210,215.75,209.520004,215.289993,604800,212.858963
"AVY",2021-10-29,215.300003,219.149994,215.300003,217.720001,686100,215.261551
"AVY",2021-11-01,217.539993,222.75,215.899994,219.240005,641300,216.764389
"AVY",2021-11-02,219.240005,221.119995,216.070007,216.179993,417300,213.738922
"AVY",2021-11-03,216.050003,220.539993,216.050003,217.240005,591200,214.786972
"AVY",2021-11-04,216.919998,219.830002,216.919998,218.350006,274300,215.88443
"AVY",2021-11-05,219.149994,226.699997,219.100006,226.419998,747400,223.863297
"AVY",2021-11-08,228.149994,229.240005,225.940002,226.479996,321500,223.922623
"AVY",2021-11-09,224.839996,227.25,223.350006,227.130005,392000,224.565308
"AVY",2021-11-10,226.600006,228.179993,222.270004,222.589996,310900,220.076553
"AVY",2021-11-11,223.100006,223.860001,221.089996,221.850006,233100,219.34491
"AVY",2021-11-12,222.779999,225.410004,221.440002,225.190002,222800,222.647186
"AVY",2021-11-15,226.630005,226.639999,223.669998,224.589996,314200,222.05397
"AVY",2021-11-16,224.449997,228.110001,224.360001,225.220001,272900,222.676865
"AVY",2021-11-17,224.889999,225.850006,220.880005,222.919998,243400,220.402832
"AVY",2021-11-18,222.789993,223.440002,218.770004,219.779999,345800,217.298279
"AVY",2021-11-19,219.910004,221.149994,218.360001,218.520004,474700,216.052505
"AVY",2021-11-22,219.020004,221.300003,217.360001,218.970001,452400,216.497437
"AVY",2021-11-23,219.789993,221.740005,218.179993,221.449997,293800,218.949417
"AVY",2021-11-24,221.720001,221.759995,218.160004,218.850006,564000,216.378799
"AVY",2021-11-26,212.809998,215.020004,210.720001,213.949997,318700,211.534103
"AVY",2021-11-29,217.110001,218.259995,214.789993,215.529999,424900,213.096283
"AVY",2021-11-30,212.779999,215.190002,204.229996,205.070007,1012700,203.396103
"AVY",2021-12-01,208.350006,210.639999,202.470001,202.710007,465400,201.055374
"AVY",2021-12-02,203.619995,210.139999,202.710007,209.179993,452600,207.472549
"AVY",2021-12-03,209.179993,212.039993,203.860001,205.660004,431100,203.981293
"AVY",2021-12-06,208.899994,213.070007,208.330002,211.009995,346800,209.287613
"AVY",2021-12-07,212.520004,216.820007,212.520004,215.210007,402700,213.453339
"AVY",2021-12-08,215.979996,217.089996,213,215.509995,323600,213.750885
"AVY",2021-12-09,214.5,214.5,210.699997,211.550003,538400,209.823212
"AVY",2021-12-10,213.690002,213.979996,210.070007,212.630005,316700,210.894394
"AVY",2021-12-13,212.460007,212.970001,209.600006,210.630005,370600,208.910721
"AVY",2021-12-14,210.089996,212.449997,207.949997,208.320007,453400,206.619583
"AVY",2021-12-15,209.850006,211.190002,206.889999,210.869995,423100,209.148743
"AVY",2021-12-16,212.509995,213.460007,206.830002,210.869995,384500,209.148743
"AVY",2021-12-17,210.240005,210.710007,205.850006,206.889999,714900,205.201248
"AVY",2021-12-20,203.729996,204.039993,195.660004,202.380005,503800,200.728058
"AVY",2021-12-21,205.080002,208.410004,204.050003,208.240005,309700,206.540222
"AVY",2021-12-22,207.460007,208.919998,206.789993,207.149994,368600,205.459122
"AVY",2021-12-23,207.729996,210.339996,207.589996,208.470001,246300,206.768341
"AVY",2021-12-27,209.270004,212.570007,208.75,212.5,196200,210.765457
"AVY",2021-12-28,212.419998,216.029999,212.419998,214.789993,186400,213.036758
"AVY",2021-12-29,214.610001,218.220001,214.419998,217.110001,329400,215.33783
"AVY",2021-12-30,218.339996,219.410004,215,215.279999,223800,213.522766
"AVY",2021-12-31,214.419998,217.550003,214.419998,216.570007,171000,214.802246
"AVY",2022-01-03,216.809998,217.210007,210.350006,210.809998,408300,209.089233
"AVY",2022-01-04,212.600006,217.830002,212.270004,215.919998,432400,214.157532
"AVY",2022-01-05,217.259995,219.330002,213.899994,213.979996,322100,212.233368
"AVY",2022-01-06,213.169998,215.729996,211.509995,214.009995,393900,212.263123
"AVY",2022-01-07,214.350006,215.860001,213.009995,213.240005,244500,211.49942
"AVY",2022-01-10,210.630005,211.320007,205.509995,207.460007,686800,205.766602
"AVY",2022-01-11,208.179993,211.740005,205.740005,211.690002,324800,209.962067
"AVY",2022-01-12,213.350006,214.779999,212.309998,212.839996,517300,211.102676
"AVY",2022-01-13,213.850006,215.960007,210.600006,211.509995,309600,209.783524
"AVY",2022-01-14,209.029999,211.360001,206.479996,209.080002,360400,207.373367
"AVY",2022-01-18,206.970001,208.470001,203.800003,206.869995,553000,205.181412
"AVY",2022-01-19,207.990005,209.149994,206.080002,206.25,335200,204.566467
"AVY",2022-01-20,206.570007,208.889999,202.839996,203.059998,284800,201.402496
"AVY",2022-01-21,202.800003,204.559998,199.199997,200.759995,377700,199.121277
"AVY",2022-01-24,196.679993,201.130005,192.789993,200.369995,464800,198.734467
"AVY",2022-01-25,196.600006,198,192.880005,195.679993,682700,194.082733
"AVY",2022-01-26,197.580002,201.259995,192.759995,195.270004,511500,193.676102
"AVY",2022-01-27,197.850006,201.169998,194.399994,196.369995,510600,194.767105
"AVY",2022-01-28,196.360001,199.800003,193,199.5,470300,197.871567
"AVY",2022-01-31,197.220001,206.009995,197.220001,205.419998,828400,203.743256
"AVY",2022-02-01,205.509995,209.919998,204.449997,206.389999,754200,204.705322
"AVY",2022-02-02,202.259995,205.910004,194.850006,200.699997,1159200,199.061768
"AVY",2022-02-03,196.740005,200.580002,192.380005,193.130005,656800,191.553574
"AVY",2022-02-04,191.419998,191.699997,184.050003,189.309998,1028500,187.76474
"AVY",2022-02-07,189.119995,189.320007,180.910004,181.470001,1109900,179.988739
"AVY",2022-02-08,181.460007,187.240005,179.360001,184.339996,783100,182.835312
"AVY",2022-02-09,186.850006,189.130005,185.830002,188.830002,796900,187.288651
"AVY",2022-02-10,185.630005,189.880005,184.339996,186.740005,829000,185.215729
"AVY",2022-02-11,185.979996,187.440002,181.600006,183.490005,701400,181.992249
"AVY",2022-02-14,183.320007,184.919998,179.399994,181.779999,582200,180.296219
"AVY",2022-02-15,184.279999,187.990005,183.429993,184.570007,448100,183.063446
"AVY",2022-02-16,183.869995,185.419998,182.369995,184.669998,499400,183.162628
"AVY",2022-02-17,183.410004,184.279999,181.770004,182.699997,462400,181.208694
"AVY",2022-02-18,182.880005,184.119995,180.720001,180.869995,498300,179.393631
"AVY",2022-02-22,180.899994,182.679993,177.610001,178.470001,596700,177.013229
"AVY",2022-02-23,179.529999,180.289993,174.350006,174.940002,593500,173.512054
"AVY",2022-02-24,171.289993,175.470001,168.309998,174.279999,1024400,172.857422
"AVY",2022-02-25,174.839996,180.360001,174.839996,180.320007,505500,178.848129
"AVY",2022-02-28,176.669998,177.639999,174.169998,176.199997,705600,174.761749
"AVY",2022-03-01,174.240005,175,166.190002,166.940002,760700,166.218811
